1 0.2258002758026123
2 0.2178792953491211
3 0.22321796417236328
4 0.22443771362304688
5 0.22474026679992676
6 0.21559453010559082
7 0.22745990753173828
8 0.2191920280456543
9 0.22112178802490234
10 0.21444058418273926
11 0.2654457092285156
12 0.2554035186767578
13 0.22260713577270508
14 0.22759270668029785
15 0.22166681289672852
16 0.22930097579956055
17 0.2294316291809082
18 0.22893524169921875
19 0.22553014755249023
20 0.22262072563171387
21 0.20682525634765625
22 0.22084593772888184
23 0.20982694625854492
24 0.21377944946289062
25 0.21464014053344727
26 0.23050284385681152
27 0.21517157554626465
28 0.20157814025878906
29 0.21086955070495605
30 0.21517157554626465
31 0.20865702629089355
32 0.21494555473327637
33 0.21203207969665527
34 0.21849846839904785
35 0.22366118431091309
36 0.21630406379699707
37 0.21268606185913086
38 0.22966313362121582
39 0.23682212829589844
40 0.21859169006347656
41 0.2118396759033203
42 0.20953822135925293
43 0.2109837532043457
44 0.2270488739013672
45 0.22638535499572754
46 0.20806670188903809
47 0.25991296768188477
48 0.45873212814331055
49 0.4630239009857178
50 0.25351572036743164
51 0.24109673500061035
52 0.21178412437438965
53 0.22144007682800293
54 0.2267909049987793
55 0.21720480918884277
56 0.2059333324432373
57 0.24527549743652344
58 0.20974230766296387
59 0.25476670265197754
60 0.21477913856506348
61 0.21075868606567383
62 0.20937776565551758
63 0.21279692649841309
64 0.2380368709564209
65 0.22693324089050293
66 0.23036527633666992
67 0.2091679573059082
68 0.21775460243225098
69 0.20196866989135742
70 0.20349574089050293
71 0.218780517578125
72 0.20552682876586914
73 0.20546627044677734
74 0.20227527618408203
75 0.21311330795288086
76 0.22323036193847656
77 0.21814966201782227
78 0.21338891983032227
79 0.21331334114074707
80 0.2122509479522705
81 0.2171480655670166
82 0.20863032341003418
83 0.20104241371154785
84 0.2433032989501953
85 0.20624184608459473
86 0.20926523208618164
87 0.21535611152648926
88 0.20198392868041992
89 0.20213723182678223
90 0.2024390697479248
91 0.243025541305542
92 0.20901107788085938
93 0.20772981643676758
94 0.21220922470092773
95 0.25556445121765137
96 0.27979397773742676
97 0.21232295036315918
98 0.24878859519958496
99 0.24048209190368652
100 0.209059476852417
101 0.20508456230163574
102 0.20278024673461914
103 0.2078261375427246
104 0.2575552463531494
105 0.2194678783416748
106 0.1996321678161621
107 0.24943256378173828
108 0.2021169662475586
109 0.2155606746673584
110 0.22678112983703613
111 0.21606016159057617
112 0.2024991512298584
113 0.24893403053283691
114 0.23373126983642578
115 0.20049810409545898
116 0.2282569408416748
117 0.24745416641235352
118 0.2648799419403076
119 0.2097635269165039
120 0.23920369148254395
121 0.21112751960754395
122 0.22356319427490234
123 0.2019789218902588
124 0.2697732448577881
125 0.2493305206298828
126 0.25049448013305664
127 0.24347925186157227
128 0.2396841049194336
129 0.28365135192871094
130 0.2039470672607422
131 0.28786301612854004
132 0.2368464469909668
133 0.21305298805236816
134 0.27265453338623047
135 0.25595521926879883
136 0.2243337631225586
137 0.24437713623046875
138 0.2041792869567871
139 0.2512543201446533
140 0.2035222053527832
141 0.1994163990020752
142 0.24448657035827637
143 0.27797436714172363
144 0.25684261322021484
145 0.24793577194213867
146 0.2570652961730957
147 0.24807143211364746
148 0.24198102951049805
149 0.21130704879760742
150 0.2415611743927002
151 0.2427201271057129
152 0.24190902709960938
153 0.2030320167541504
154 0.2379288673400879
155 0.2051239013671875
156 0.2502872943878174
157 0.21498322486877441
158 0.23797869682312012
159 0.20830488204956055
160 0.24393725395202637
161 0.21526312828063965
162 0.2903585433959961
163 0.22515273094177246
164 0.24485278129577637
165 0.25675463676452637
166 0.2439568042755127
167 0.2397446632385254
168 0.27771759033203125
169 0.25652313232421875
170 0.24598360061645508
171 0.23871326446533203
172 0.2444748878479004
173 0.24059820175170898
174 0.21382379531860352
175 0.2432105541229248
176 0.21319961547851562
177 0.203460693359375
178 0.2025916576385498
179 0.25507235527038574
180 0.23990893363952637
181 0.2409055233001709
182 0.2032928466796875
183 0.24022841453552246
184 0.24295687675476074
185 0.24663281440734863
186 0.2800121307373047
187 0.24657845497131348
188 0.20611023902893066
189 0.2500340938568115
190 0.23345565795898438
191 0.2902095317840576
192 0.23625469207763672
193 0.24448704719543457
194 0.2973308563232422
195 0.20460915565490723
196 0.20238924026489258
197 0.24527931213378906
198 0.24371790885925293
199 0.20850563049316406
200 0.2048478126525879
201 0.24484777450561523
202 0.22842979431152344
203 0.25437259674072266
204 0.22589612007141113
205 0.21136927604675293
206 0.2030940055847168
207 0.24672460556030273
208 0.22378015518188477
209 0.23564457893371582
210 0.24442577362060547
211 0.20528054237365723
212 0.24772024154663086
213 0.24584698677062988
214 0.21524953842163086
215 0.2991151809692383
216 0.20246624946594238
217 0.24279356002807617
218 0.2504384517669678
219 0.2461555004119873
220 0.20894813537597656
221 0.20304155349731445
222 0.2112729549407959
223 0.24123358726501465
224 0.20254182815551758
225 0.2020871639251709
226 0.20002961158752441
227 0.1936798095703125
228 0.20454740524291992
229 0.2298581600189209
