1 0.218095064163208
2 0.2122175693511963
3 0.20437932014465332
4 0.20681452751159668
5 0.2136533260345459
6 0.20908880233764648
7 0.20384740829467773
8 0.21251344680786133
9 0.20859766006469727
10 0.21491003036499023
11 0.25397825241088867
12 0.23765206336975098
13 0.21663236618041992
14 0.2073650360107422
15 0.2057483196258545
16 0.2051699161529541
17 0.1959364414215088
18 0.2053225040435791
19 0.21011900901794434
20 0.21317267417907715
21 0.2074263095855713
22 0.20766901969909668
23 0.2427382469177246
24 0.194260835647583
25 0.20292282104492188
26 0.2037181854248047
27 0.21100878715515137
28 0.205275297164917
29 0.20360875129699707
30 0.20363497734069824
31 0.20452260971069336
32 0.21808552742004395
33 0.1950223445892334
34 0.1984565258026123
35 0.21588993072509766
36 0.19455885887145996
37 0.20875024795532227
38 0.19558477401733398
39 0.2076890468597412
40 0.20940709114074707
41 0.21326637268066406
42 0.20859670639038086
43 0.2053372859954834
44 0.21065211296081543
45 0.2049098014831543
46 0.19529056549072266
47 0.18180346488952637
48 0.315234899520874
49 0.3095242977142334
50 0.2084953784942627
51 0.2471601963043213
52 0.20987677574157715
53 0.1935722827911377
54 0.2265453338623047
55 0.21097517013549805
56 0.19963431358337402
57 0.21684813499450684
58 0.20142078399658203
59 0.24726533889770508
60 0.20035576820373535
61 0.19282770156860352
62 0.1943516731262207
63 0.1990811824798584
64 0.2116563320159912
65 0.19700407981872559
66 0.19205737113952637
67 0.20235514640808105
68 0.21307659149169922
69 0.20264196395874023
70 0.19649052619934082
71 0.20467424392700195
72 0.201920747756958
73 0.20539474487304688
74 0.21190404891967773
75 0.20707225799560547
76 0.2038881778717041
77 0.20361948013305664
78 0.20515942573547363
79 0.1948094367980957
80 0.2139592170715332
81 0.19478940963745117
82 0.1965341567993164
83 0.204118013381958
84 0.19632983207702637
85 0.20926690101623535
86 0.19819188117980957
87 0.2105262279510498
88 0.20563030242919922
89 0.19551753997802734
90 0.19626903533935547
91 0.1943967342376709
92 0.19389009475708008
93 0.19561433792114258
94 0.2071998119354248
95 0.197432279586792
96 0.24254918098449707
97 0.22224116325378418
98 0.23743295669555664
99 0.20468664169311523
100 0.19574856758117676
101 0.19978570938110352
102 0.2100672721862793
103 0.20354890823364258
104 0.19389820098876953
105 0.2052769660949707
106 0.19686412811279297
107 0.20065999031066895
108 0.2028040885925293
109 0.19208073616027832
110 0.24083805084228516
111 0.19341230392456055
112 0.20816683769226074
113 0.19682836532592773
114 0.23675799369812012
115 0.19762158393859863
116 0.19939470291137695
117 0.23550009727478027
118 0.19794797897338867
119 0.2618684768676758
120 0.1960306167602539
121 0.19692158699035645
122 0.20332765579223633
123 0.23697781562805176
124 0.19768023490905762
125 0.24501419067382812
126 0.24846172332763672
127 0.19559931755065918
128 0.23787808418273926
129 0.23951387405395508
130 0.19748401641845703
131 0.20717263221740723
132 0.21880149841308594
133 0.21624493598937988
134 0.1948838233947754
135 0.23752951622009277
136 0.23786544799804688
137 0.23565459251403809
138 0.23389959335327148
139 0.19937801361083984
140 0.21833491325378418
141 0.19660711288452148
142 0.2349703311920166
143 0.2750382423400879
144 0.19757986068725586
145 0.24329495429992676
146 0.2677292823791504
147 0.19171786308288574
148 0.2243800163269043
149 0.20171833038330078
150 0.20133447647094727
151 0.22487902641296387
152 0.196610689163208
153 0.19756746292114258
154 0.2376549243927002
155 0.23891901969909668
156 0.2070608139038086
157 0.19303107261657715
158 0.20706629753112793
159 0.23589396476745605
160 0.1982407569885254
161 0.23972773551940918
162 0.19817733764648438
163 0.19606351852416992
164 0.22095775604248047
165 0.19899940490722656
166 0.20093131065368652
167 0.196486234664917
168 0.22881579399108887
169 0.23444414138793945
170 0.1961362361907959
171 0.2315077781677246
172 0.1934375762939453
173 0.19442963600158691
174 0.20029711723327637
175 0.2262251377105713
176 0.23273944854736328
177 0.20048141479492188
178 0.19436979293823242
179 0.21415233612060547
180 0.23629355430603027
181 0.2326188087463379
182 0.2850301265716553
183 0.2824521064758301
184 0.21375155448913574
185 0.2069091796875
186 0.28229808807373047
187 0.20647192001342773
188 0.23613715171813965
189 0.19571399688720703
190 0.21035337448120117
191 0.23780488967895508
192 0.1953749656677246
193 0.22929739952087402
194 0.19672918319702148
195 0.19743585586547852
196 0.21292829513549805
197 0.22613859176635742
198 0.1937868595123291
199 0.23158693313598633
200 0.19456744194030762
201 0.2008969783782959
202 0.2377490997314453
203 0.2315206527709961
204 0.23125267028808594
205 0.19846296310424805
206 0.22873616218566895
207 0.1974179744720459
208 0.2362959384918213
209 0.24587249755859375
210 0.19977211952209473
211 0.2018430233001709
212 0.23028993606567383
213 0.19695401191711426
214 0.19449925422668457
215 0.19707655906677246
216 0.23635411262512207
217 0.19576787948608398
218 0.19791483879089355
219 0.2514371871948242
220 0.19526004791259766
221 0.2388143539428711
222 0.23143672943115234
223 0.19642424583435059
224 0.19729328155517578
225 0.1954951286315918
226 0.20530986785888672
227 0.18637919425964355
228 0.20592308044433594
229 0.16613483428955078
