1 0.19168877601623535
2 0.16945171356201172
3 0.18343353271484375
4 0.1791069507598877
5 0.18189454078674316
6 0.18053507804870605
7 0.1887650489807129
8 0.1823575496673584
9 0.18170475959777832
10 0.16796374320983887
11 0.16524457931518555
12 0.1639995574951172
13 0.16419410705566406
14 0.16440129280090332
15 0.17517423629760742
16 0.21194076538085938
17 0.16342425346374512
18 0.16451597213745117
19 0.1681962013244629
20 0.16578054428100586
21 0.1795957088470459
22 0.16506099700927734
23 0.16385436058044434
24 0.1667776107788086
25 0.16533422470092773
26 0.18598008155822754
27 0.1674058437347412
28 0.16486811637878418
29 0.16889524459838867
30 0.16382312774658203
31 0.16708660125732422
32 0.16619324684143066
33 0.16862225532531738
34 0.16579246520996094
35 0.18099546432495117
36 0.17900753021240234
37 0.1811540126800537
38 0.16477584838867188
39 0.1647958755493164
40 0.16974973678588867
41 0.1702120304107666
42 0.16566705703735352
43 0.17072677612304688
44 0.17345643043518066
45 0.16829252243041992
46 0.16714882850646973
47 0.1688222885131836
48 0.1647331714630127
49 0.1627500057220459
50 0.17071032524108887
51 0.16746068000793457
52 0.16681694984436035
53 0.16679739952087402
54 0.16506123542785645
55 0.16118359565734863
56 0.1693408489227295
57 0.16362357139587402
58 0.16459083557128906
59 0.1690833568572998
60 0.1663820743560791
61 0.1687030792236328
62 0.1682875156402588
63 0.166365385055542
64 0.16737031936645508
65 0.16587114334106445
66 0.17432928085327148
67 0.1652228832244873
68 0.16958904266357422
69 0.16407275199890137
70 0.16564202308654785
71 0.16257095336914062
72 0.17112994194030762
73 0.16619515419006348
74 0.16234374046325684
75 0.1718757152557373
76 0.16945815086364746
77 0.16277408599853516
78 0.18059420585632324
79 0.165818452835083
80 0.16842007637023926
81 0.1691455841064453
82 0.1671154499053955
83 0.16803407669067383
84 0.20797157287597656
85 0.16790366172790527
86 0.1644139289855957
87 0.16639351844787598
88 0.16475605964660645
89 0.16539525985717773
90 0.16831755638122559
91 0.16483545303344727
92 0.16503119468688965
93 0.1708226203918457
94 0.16777467727661133
95 0.16933727264404297
96 0.1677391529083252
97 0.16557741165161133
98 0.16912388801574707
99 0.17314648628234863
100 0.16675066947937012
101 0.16551494598388672
102 0.1667344570159912
103 0.1671907901763916
104 0.1637723445892334
105 0.16507339477539062
106 0.1654062271118164
107 0.16919493675231934
108 0.16902780532836914
109 0.17082810401916504
110 0.1694810390472412
111 0.16652560234069824
112 0.16455388069152832
113 0.1952953338623047
114 0.1657733917236328
115 0.16606974601745605
116 0.16741085052490234
117 0.16540098190307617
118 0.1680617332458496
119 0.16393589973449707
120 0.16574382781982422
121 0.16770029067993164
122 0.16651034355163574
123 0.16915011405944824
124 0.1704089641571045
125 0.16482257843017578
126 0.16988515853881836
127 0.17186784744262695
128 0.16873407363891602
129 0.16869759559631348
130 0.16796040534973145
131 0.16588234901428223
132 0.18186116218566895
133 0.16533493995666504
134 0.16747498512268066
135 0.16572999954223633
136 0.16986846923828125
137 0.16258955001831055
138 0.16302084922790527
139 0.1694936752319336
140 0.16760873794555664
141 0.17039871215820312
142 0.16515588760375977
143 0.16491007804870605
144 0.1654057502746582
145 0.16279983520507812
146 0.16769933700561523
147 0.16740655899047852
148 0.16550040245056152
149 0.16288328170776367
150 0.16768646240234375
151 0.1661391258239746
152 0.1660754680633545
153 0.21281862258911133
154 0.17300176620483398
155 0.16557955741882324
156 0.16742801666259766
157 0.16925835609436035
158 0.17005324363708496
159 0.17564964294433594
160 0.16448616981506348
161 0.20317578315734863
162 0.2153470516204834
163 0.16965103149414062
164 0.16969084739685059
165 0.1625986099243164
166 0.1637718677520752
167 0.16582083702087402
168 0.16675186157226562
169 0.18652677536010742
170 0.16929006576538086
171 0.1708669662475586
172 0.1617891788482666
173 0.16624808311462402
174 0.16852164268493652
175 0.16939353942871094
176 0.16644620895385742
177 0.1672818660736084
178 0.162550687789917
179 0.16623520851135254
180 0.16854071617126465
181 0.1695089340209961
182 0.1665799617767334
183 0.1674206256866455
184 0.16648530960083008
185 0.16770386695861816
186 0.1634683609008789
187 0.16691279411315918
188 0.1692671775817871
189 0.1705636978149414
190 0.16635465621948242
191 0.16712069511413574
192 0.17214393615722656
193 0.16570043563842773
194 0.16794371604919434
195 0.1651160717010498
196 0.16737747192382812
197 0.21289539337158203
198 0.1669909954071045
199 0.16379690170288086
200 0.16898703575134277
201 0.16509103775024414
202 0.18173837661743164
203 0.17000412940979004
204 0.16602540016174316
205 0.16522765159606934
206 0.16533803939819336
207 0.17740392684936523
208 0.1666257381439209
209 0.16634583473205566
210 0.16975951194763184
211 0.17269301414489746
212 0.16955947875976562
213 0.17166709899902344
214 0.16591310501098633
215 0.1683361530303955
216 0.1689891815185547
217 0.17144513130187988
218 0.1665363311767578
219 0.16312432289123535
220 0.20520234107971191
221 0.16986823081970215
222 0.16695737838745117
223 0.16816234588623047
224 0.16855072975158691
225 0.16713619232177734
226 0.16494178771972656
227 0.1599419116973877
228 0.12555599212646484
229 0.12996363639831543
