1 0.2977457046508789
2 0.37995314598083496
3 0.29662466049194336
4 0.2975282669067383
5 0.2819085121154785
6 0.2884376049041748
7 0.3429579734802246
8 0.2827472686767578
9 0.28628063201904297
10 0.28590965270996094
11 0.2966728210449219
12 0.29042840003967285
13 0.29169583320617676
14 0.29155445098876953
15 0.28072142601013184
16 0.29234886169433594
17 0.32582736015319824
18 0.28189802169799805
19 0.29488086700439453
20 0.2862734794616699
21 0.2951643466949463
22 0.2869536876678467
23 0.291339635848999
24 0.2832601070404053
25 0.27840566635131836
26 0.32658863067626953
27 0.2898075580596924
28 0.28622007369995117
29 0.2862236499786377
30 0.2830014228820801
31 0.29002976417541504
32 0.28038883209228516
33 0.2838599681854248
34 0.28341007232666016
35 0.27616453170776367
36 0.2767794132232666
37 0.299335241317749
38 0.2731513977050781
39 0.2787516117095947
40 0.30070066452026367
41 0.2734055519104004
42 0.2821347713470459
43 0.27088236808776855
44 0.3122684955596924
45 0.32211828231811523
46 0.34476518630981445
47 0.3193175792694092
48 0.39127588272094727
49 0.28609442710876465
50 0.29428958892822266
51 0.28656983375549316
52 0.294069766998291
53 0.28275322914123535
54 0.2759425640106201
55 0.2806251049041748
56 0.2780265808105469
57 0.27840757369995117
58 0.33583736419677734
59 0.2722165584564209
60 0.2789294719696045
61 0.271594762802124
62 0.2782151699066162
63 0.27440953254699707
64 0.3229994773864746
65 0.328977108001709
66 0.30957698822021484
67 0.3221287727355957
68 0.28644680976867676
69 0.271651029586792
70 0.2792675495147705
71 0.2840404510498047
72 0.3451657295227051
73 0.2900850772857666
74 0.27454400062561035
75 0.27110719680786133
76 0.2852654457092285
77 0.27840399742126465
78 0.3124258518218994
79 0.3316051959991455
80 0.29760146141052246
81 0.27265286445617676
82 0.27914977073669434
83 0.32885146141052246
84 0.3218991756439209
85 0.3220665454864502
86 0.33831214904785156
87 0.38897037506103516
88 0.299609899520874
89 0.28000831604003906
90 0.2715449333190918
91 0.30237507820129395
92 0.2730402946472168
93 0.26978158950805664
94 0.27788567543029785
95 0.29829883575439453
96 0.3298971652984619
97 0.292680025100708
98 0.3013882637023926
99 0.2676546573638916
100 0.2729513645172119
101 0.3388843536376953
102 0.3181800842285156
103 0.3320469856262207
104 0.3708362579345703
105 0.3497610092163086
106 0.34964895248413086
107 0.2888164520263672
108 0.27848243713378906
109 0.26751255989074707
110 0.32270336151123047
111 0.30519556999206543
112 0.3093841075897217
113 0.28449559211730957
114 0.35463929176330566
115 0.2712583541870117
116 0.30867552757263184
117 0.3135223388671875
118 0.2844102382659912
119 0.27341341972351074
120 0.2975025177001953
121 0.27073121070861816
122 0.3254413604736328
123 0.3316662311553955
124 0.3105649948120117
125 0.3150007724761963
126 0.36234283447265625
127 0.307178258895874
128 0.36365175247192383
129 0.3025169372558594
130 0.30791234970092773
131 0.29065632820129395
132 0.31508302688598633
133 0.31804919242858887
134 0.31282877922058105
135 0.3082761764526367
136 0.30829596519470215
137 0.30330777168273926
138 0.31879663467407227
139 0.3124537467956543
140 0.30650758743286133
141 0.272571325302124
142 0.4203939437866211
143 0.36603641510009766
144 0.35482048988342285
145 0.3136467933654785
146 0.3100392818450928
147 0.3127715587615967
148 0.31327033042907715
149 0.3056604862213135
150 0.3196096420288086
151 0.30592870712280273
152 0.3145468235015869
153 0.31316256523132324
154 0.30950450897216797
155 0.31172704696655273
156 0.3205134868621826
157 0.3580794334411621
158 0.3258507251739502
159 0.2703373432159424
160 0.3091731071472168
161 0.3614013195037842
162 0.3534219264984131
163 0.3644528388977051
164 0.34946489334106445
165 0.34998250007629395
166 0.3489212989807129
167 0.31359171867370605
168 0.34031176567077637
169 0.31777143478393555
170 0.31199193000793457
171 0.35080742835998535
172 0.31250810623168945
173 0.30324792861938477
174 0.3083510398864746
175 0.3128652572631836
176 0.32203197479248047
177 0.3137054443359375
178 0.31116604804992676
179 0.3118250370025635
180 0.2695794105529785
181 0.34372758865356445
182 0.36255979537963867
183 0.35614895820617676
184 0.3990912437438965
185 0.30709362030029297
186 0.3058905601501465
187 0.3137679100036621
188 0.3089127540588379
189 0.31397223472595215
190 0.31204652786254883
191 0.3126845359802246
192 0.3090813159942627
193 0.3093233108520508
194 0.30152058601379395
195 0.30722928047180176
196 0.3168630599975586
197 0.32713913917541504
198 0.40759801864624023
199 0.26828622817993164
200 0.3615100383758545
201 0.36273932456970215
202 0.3490900993347168
203 0.35730433464050293
204 0.31113767623901367
205 0.3055753707885742
206 0.31873583793640137
207 0.3067812919616699
208 0.28255796432495117
209 0.3537776470184326
210 0.3049960136413574
211 0.3146688938140869
212 0.36681628227233887
213 0.29479193687438965
214 0.3049936294555664
215 0.3121623992919922
216 0.2923893928527832
217 0.30976319313049316
218 0.35330724716186523
219 0.36219310760498047
220 0.36037635803222656
221 0.3472881317138672
222 0.2818934917449951
223 0.3621938228607178
224 0.30945420265197754
225 0.3078770637512207
226 0.3199954032897949
227 0.32058215141296387
228 0.29307007789611816
229 0.3324413299560547
