1 2.6935441493988037
2 2.9780099391937256
3 2.8339264392852783
4 2.8449082374572754
5 3.0121009349823
6 2.828357696533203
7 3.0171399116516113
8 2.9683265686035156
9 2.931879758834839
10 2.8695225715637207
11 2.948732376098633
12 2.9852049350738525
13 2.9333815574645996
14 2.811898946762085
15 3.007261276245117
16 2.956660747528076
17 2.943558692932129
18 2.9260454177856445
19 2.8947079181671143
20 2.9594128131866455
21 2.9182851314544678
22 2.8609602451324463
23 2.9741101264953613
24 2.766232490539551
25 3.068697214126587
26 3.008687973022461
27 3.03768253326416
28 2.845442771911621
29 2.9270665645599365
30 2.9659972190856934
31 2.968322515487671
32 2.9233908653259277
33 2.9304890632629395
34 2.8703510761260986
35 2.991215467453003
36 2.9424338340759277
37 3.0809898376464844
38 2.950660467147827
39 3.025503635406494
40 2.9909932613372803
41 2.894390821456909
42 3.070931911468506
43 2.9019811153411865
44 2.8958823680877686
45 3.1845712661743164
46 2.879196882247925
47 2.8405210971832275
48 3.0476908683776855
49 2.8635382652282715
50 3.0152530670166016
51 3.035130262374878
52 2.892165184020996
53 3.0064940452575684
54 3.0768930912017822
55 2.953153133392334
56 2.9208531379699707
57 2.970090627670288
58 3.023787021636963
59 2.9284560680389404
60 2.962740659713745
61 2.9977173805236816
62 2.9105067253112793
63 2.8963799476623535
64 2.984983444213867
65 2.995859384536743
66 3.077646017074585
67 2.8409018516540527
68 2.8377432823181152
69 3.0681991577148438
70 2.956000328063965
71 2.98734450340271
72 2.8227310180664062
73 3.016862630844116
74 2.9679994583129883
75 2.8799808025360107
76 2.8656139373779297
77 2.9332988262176514
78 2.883957624435425
79 2.945523262023926
80 2.8326351642608643
81 2.96321964263916
82 2.9316537380218506
83 3.006068468093872
84 2.9018795490264893
85 2.9350757598876953
86 2.8956286907196045
87 3.014697551727295
88 3.0608036518096924
89 3.0170772075653076
90 3.006131649017334
91 2.9353346824645996
92 2.9524741172790527
93 2.890831708908081
94 3.0858025550842285
95 2.7854931354522705
96 2.9709670543670654
97 2.902719497680664
98 2.870513439178467
99 2.8586723804473877
100 3.073364734649658
