1 2.5674402713775635
2 2.355177879333496
3 0.826106071472168
4 0.8827636241912842
5 0.838763952255249
6 0.8653132915496826
7 0.8355839252471924
8 0.9099617004394531
9 0.8640797138214111
10 0.8683590888977051
11 0.8615422248840332
12 0.8724610805511475
13 0.9361417293548584
14 0.8292272090911865
15 0.878411054611206
16 0.8427896499633789
17 0.8559174537658691
18 0.8401460647583008
19 0.8895418643951416
20 0.8553447723388672
21 0.905982255935669
22 0.8853693008422852
23 0.921004056930542
24 0.8505523204803467
25 0.8923423290252686
26 0.8362805843353271
27 0.9035980701446533
28 0.874704122543335
29 0.8332188129425049
30 0.8351690769195557
31 0.8753402233123779
32 0.8894360065460205
33 0.9040300846099854
34 0.8432064056396484
35 0.8836541175842285
36 0.9706122875213623
37 0.8448543548583984
38 0.9532463550567627
39 0.8813598155975342
40 0.8642888069152832
41 0.9043514728546143
42 0.8935837745666504
43 0.8307015895843506
44 0.8726165294647217
45 0.8385827541351318
46 0.8374772071838379
47 1.3344841003417969
48 5.498403310775757
49 5.626007318496704
50 8.147350311279297
51 0.9068508148193359
52 0.8764834403991699
53 0.9477307796478271
54 0.844660758972168
55 0.8816394805908203
56 0.8401715755462646
57 0.8572635650634766
58 0.9221060276031494
59 0.880103349685669
60 0.8975036144256592
61 0.8437860012054443
62 0.8641269207000732
63 0.9089334011077881
64 0.8824331760406494
65 0.8490338325500488
66 0.9773969650268555
67 0.8467042446136475
68 0.8863627910614014
69 0.8854818344116211
70 0.8581440448760986
71 0.9904394149780273
72 0.8824903964996338
73 0.8778030872344971
74 0.8577175140380859
75 0.831932544708252
76 0.9307475090026855
77 0.9553053379058838
78 0.9220752716064453
79 0.8193652629852295
80 0.8277883529663086
81 0.8741610050201416
82 0.8818631172180176
83 0.8414571285247803
84 0.9430088996887207
85 0.8651688098907471
86 0.8857460021972656
87 0.8736410140991211
88 0.8580431938171387
89 0.9471602439880371
90 0.8231058120727539
91 0.9969351291656494
92 0.8764386177062988
93 0.9535527229309082
94 0.9588732719421387
95 0.8711707592010498
96 0.960155725479126
97 0.9042379856109619
98 0.89961838722229
99 0.8792240619659424
100 0.8742258548736572
101 0.8718111515045166
102 0.9417707920074463
103 0.9093470573425293
104 0.9418458938598633
105 0.9283246994018555
106 0.9111554622650146
107 0.8815279006958008
108 0.9413259029388428
109 0.9280674457550049
110 0.9223706722259521
111 1.0102128982543945
112 0.8794481754302979
113 0.9063992500305176
114 0.9087691307067871
115 0.8793988227844238
116 0.917471170425415
117 1.0007152557373047
118 0.9025352001190186
119 0.9582412242889404
120 0.9361782073974609
121 0.8687267303466797
122 0.9520008563995361
123 0.92032790184021
124 0.9965460300445557
125 0.9009246826171875
126 0.8398008346557617
127 0.8636291027069092
128 0.8584516048431396
129 0.8756818771362305
130 0.9770965576171875
131 0.855961799621582
132 1.0068469047546387
133 0.9502530097961426
134 1.1749238967895508
135 0.9614126682281494
136 0.9244155883789062
137 0.9633221626281738
138 0.8821344375610352
139 0.9817824363708496
140 0.9215500354766846
141 0.9070656299591064
142 0.9902193546295166
143 0.9231362342834473
144 0.895796537399292
145 0.9417514801025391
146 0.8722646236419678
147 1.051509141921997
148 0.9363152980804443
149 0.9985785484313965
150 1.0381591320037842
151 0.9505050182342529
152 0.8855485916137695
153 0.9044630527496338
154 0.8985788822174072
155 0.8992161750793457
156 0.8832449913024902
157 0.8493645191192627
158 1.0098176002502441
159 0.9476726055145264
160 1.0044560432434082
161 0.9159741401672363
162 0.9099733829498291
163 0.8753974437713623
164 0.8841538429260254
165 0.9505620002746582
166 0.8576502799987793
167 0.9032173156738281
168 0.8723664283752441
169 0.8759734630584717
170 0.8978755474090576
171 0.8700664043426514
172 0.879988431930542
173 1.0223076343536377
174 0.990354061126709
175 0.9905850887298584
176 0.9621944427490234
177 0.978687047958374
178 0.8864614963531494
179 0.8679845333099365
180 0.9300029277801514
181 0.9124541282653809
182 0.9027259349822998
183 0.8615784645080566
184 0.9074668884277344
185 0.9157087802886963
186 0.8777928352355957
187 0.8457159996032715
188 1.0384016036987305
189 0.8949277400970459
190 0.95878005027771
191 0.8933501243591309
192 0.9115016460418701
193 0.9918980598449707
194 1.135071039199829
195 0.8785264492034912
196 0.9296741485595703
197 0.8700704574584961
198 0.935110330581665
199 0.9038219451904297
200 0.8888177871704102
201 0.8681471347808838
202 0.8979053497314453
203 1.0121159553527832
204 0.9404094219207764
205 0.8729274272918701
206 0.9031891822814941
207 0.9028048515319824
208 0.9438188076019287
209 0.9169085025787354
210 0.9086253643035889
211 0.8998813629150391
212 0.8997690677642822
213 0.9170267581939697
214 0.915600061416626
215 0.9549458026885986
216 0.977611780166626
217 0.9096722602844238
218 0.9603097438812256
219 0.85546875
220 0.8894340991973877
221 1.0215787887573242
222 0.869356632232666
223 0.9693269729614258
224 0.8495926856994629
225 0.9041488170623779
226 0.8960647583007812
227 0.8756623268127441
228 0.8625802993774414
