1 0.287092924118042
2 0.33527255058288574
3 0.2779514789581299
4 0.28536534309387207
5 0.27834129333496094
6 0.2899761199951172
7 0.278439998626709
8 0.28899216651916504
9 0.29201555252075195
10 0.2840301990509033
11 0.278611421585083
12 0.28975415229797363
13 0.2839651107788086
14 0.2772531509399414
15 0.27773237228393555
16 0.33916497230529785
17 0.2796180248260498
18 0.2729308605194092
19 0.28269290924072266
20 0.2746012210845947
21 0.27239203453063965
22 0.2725515365600586
23 0.27651476860046387
24 0.2815587520599365
25 0.2809774875640869
26 0.2811708450317383
27 0.2838921546936035
28 0.2769777774810791
29 0.2767970561981201
30 0.35002660751342773
31 0.2750873565673828
32 0.27162837982177734
33 0.2842724323272705
34 0.2788736820220947
35 0.27116942405700684
36 0.2750542163848877
37 0.2616424560546875
38 0.2801046371459961
39 0.28762221336364746
40 0.284731388092041
41 0.25969481468200684
42 0.28456664085388184
43 0.2718958854675293
44 0.33287477493286133
45 0.29074692726135254
46 0.30599522590637207
47 0.2720327377319336
48 0.2730221748352051
49 0.28121137619018555
50 0.29090094566345215
51 0.30553293228149414
52 0.31900763511657715
53 0.28248047828674316
54 0.33860182762145996
55 0.2902708053588867
56 0.3187291622161865
57 0.28310728073120117
58 0.35300731658935547
59 0.3282432556152344
60 0.29669928550720215
61 0.27590060234069824
62 0.29192495346069336
63 0.281980037689209
64 0.27968811988830566
65 0.2687199115753174
66 0.2929661273956299
67 0.264829158782959
68 0.27579689025878906
69 0.2767939567565918
70 0.3083803653717041
71 0.26526808738708496
72 0.3177356719970703
73 0.2906785011291504
74 0.303408145904541
75 0.26833224296569824
76 0.30794334411621094
77 0.2626614570617676
78 0.28631091117858887
79 0.2848203182220459
80 0.28348588943481445
81 0.26935458183288574
82 0.2616722583770752
83 0.26385068893432617
84 0.2701427936553955
85 0.2655971050262451
86 0.33339405059814453
87 0.2730412483215332
88 0.2692525386810303
89 0.27482104301452637
90 0.2773430347442627
91 0.2697939872741699
92 0.2685739994049072
93 0.29523253440856934
94 0.29370594024658203
95 0.29937744140625
96 0.30687785148620605
97 0.28481054306030273
98 0.27564406394958496
99 0.2693758010864258
100 0.32185792922973633
101 0.301344633102417
102 0.3130457401275635
103 0.28889989852905273
104 0.3033115863800049
105 0.2993199825286865
106 0.261768102645874
107 0.2990906238555908
108 0.2978322505950928
109 0.3074760437011719
110 0.30393242835998535
111 0.27614879608154297
112 0.2993805408477783
113 0.3002347946166992
114 0.3506908416748047
115 0.2974283695220947
116 0.26982975006103516
117 0.3012678623199463
118 0.2624962329864502
119 0.2989034652709961
120 0.2765462398529053
121 0.29634857177734375
122 0.34024786949157715
123 0.3056983947753906
124 0.3205883502960205
125 0.3034400939941406
126 0.30750441551208496
127 0.30641961097717285
128 0.2986750602722168
129 0.27274632453918457
130 0.30544614791870117
131 0.2986111640930176
132 0.3127920627593994
133 0.305816650390625
134 0.3538799285888672
135 0.29901838302612305
136 0.2975497245788574
137 0.26499223709106445
138 0.3060274124145508
139 0.2969651222229004
140 0.29694128036499023
141 0.35036635398864746
142 0.30946922302246094
143 0.3106558322906494
144 0.31108617782592773
145 0.3091464042663574
146 0.30391931533813477
147 0.30071544647216797
148 0.30845189094543457
149 0.3067147731781006
150 0.3331291675567627
151 0.3153557777404785
152 0.2746424674987793
153 0.3020503520965576
154 0.27838683128356934
155 0.3179960250854492
156 0.32092928886413574
157 0.269925594329834
158 0.3205912113189697
159 0.30405640602111816
160 0.30831050872802734
161 0.29941344261169434
162 0.3045620918273926
163 0.3236842155456543
164 0.3027825355529785
165 0.2964136600494385
166 0.3058888912200928
167 0.30406785011291504
168 0.3013951778411865
169 0.3529331684112549
170 0.3078804016113281
171 0.30621910095214844
172 0.29589247703552246
173 0.31084418296813965
174 0.30509114265441895
175 0.2971370220184326
176 0.30101537704467773
177 0.30327630043029785
178 0.2810072898864746
179 0.3017585277557373
180 0.2945411205291748
181 0.30504870414733887
182 0.3006124496459961
183 0.3147122859954834
184 0.3019235134124756
185 0.3048665523529053
186 0.296337366104126
187 0.3020668029785156
188 0.30117034912109375
189 0.30733275413513184
190 0.2939643859863281
191 0.30179333686828613
192 0.3233766555786133
193 0.2960643768310547
194 0.3260641098022461
195 0.31646084785461426
196 0.3029921054840088
197 0.26445889472961426
198 0.35010242462158203
199 0.3008730411529541
200 0.299884557723999
201 0.30823588371276855
202 0.3059523105621338
203 0.3003273010253906
204 0.30910301208496094
205 0.3031747341156006
206 0.3146202564239502
207 0.2983696460723877
208 0.2682688236236572
209 0.3028860092163086
210 0.2772855758666992
211 0.3493082523345947
212 0.3063027858734131
213 0.28961658477783203
214 0.300642728805542
215 0.301973819732666
216 0.30531787872314453
217 0.29129695892333984
218 0.3095364570617676
219 0.27205657958984375
220 0.3055384159088135
221 0.3000209331512451
222 0.2631232738494873
223 0.3022909164428711
224 0.30461835861206055
225 0.2973909378051758
226 0.35161399841308594
227 0.31519198417663574
228 0.2945244312286377
229 0.348604679107666
