1 0.20317602157592773
2 0.1946885585784912
3 0.19463872909545898
4 0.1973574161529541
5 0.21187400817871094
6 0.19636058807373047
7 0.19587182998657227
8 0.19726777076721191
9 0.19818711280822754
10 0.1923220157623291
11 0.1909487247467041
12 0.23664259910583496
13 0.18883275985717773
14 0.1874229907989502
15 0.1997368335723877
16 0.18632888793945312
17 0.18319392204284668
18 0.18360686302185059
19 0.20198798179626465
20 0.20253753662109375
21 0.18440985679626465
22 0.18299412727355957
23 0.18298912048339844
24 0.1972498893737793
25 0.19480228424072266
26 0.19039273262023926
27 0.2014167308807373
28 0.19486045837402344
29 0.18320941925048828
30 0.19408941268920898
31 0.19292759895324707
32 0.2035672664642334
33 0.18358230590820312
34 0.18404817581176758
35 0.19453859329223633
36 0.18651723861694336
37 0.2012183666229248
38 0.18195605278015137
39 0.1846001148223877
40 0.1849372386932373
41 0.19036149978637695
42 0.18676400184631348
43 0.19256830215454102
44 0.1829664707183838
45 0.24015069007873535
46 0.1806635856628418
47 0.18812322616577148
48 0.1957399845123291
49 0.20016741752624512
50 0.20342659950256348
51 0.192366361618042
52 0.19002842903137207
53 0.1911027431488037
54 0.19078755378723145
55 0.18313384056091309
56 0.20019817352294922
57 0.19230914115905762
58 0.18494558334350586
59 0.1850719451904297
60 0.19247007369995117
61 0.1828303337097168
62 0.1778562068939209
63 0.191544771194458
64 0.1875309944152832
65 0.18409156799316406
66 0.19106364250183105
67 0.19222402572631836
68 0.18446683883666992
69 0.20377850532531738
70 0.19101691246032715
71 0.22679686546325684
72 0.18421339988708496
73 0.18731975555419922
74 0.18908143043518066
75 0.2007770538330078
76 0.18942666053771973
77 0.2057788372039795
78 0.24377059936523438
79 0.1812458038330078
80 0.18472790718078613
81 0.1796553134918213
82 0.18522858619689941
83 0.19287896156311035
84 0.18451690673828125
85 0.18427610397338867
86 0.17922091484069824
87 0.18359017372131348
88 0.18334507942199707
89 0.1857318878173828
90 0.18561053276062012
91 0.1855158805847168
92 0.19672346115112305
93 0.1891028881072998
94 0.1813945770263672
95 0.19580388069152832
96 0.18278074264526367
97 0.18448758125305176
98 0.2025458812713623
99 0.21432757377624512
100 0.18233752250671387
101 0.1843271255493164
102 0.23648977279663086
103 0.18536901473999023
104 0.2281501293182373
105 0.18441033363342285
106 0.1962428092956543
107 0.1802530288696289
108 0.1886441707611084
109 0.18152737617492676
110 0.18496465682983398
111 0.18537306785583496
112 0.18273544311523438
113 0.1845536231994629
114 0.1817946434020996
115 0.18324565887451172
116 0.18424153327941895
117 0.18657708168029785
118 0.1867809295654297
119 0.18061137199401855
120 0.227569580078125
121 0.1855170726776123
122 0.18186283111572266
123 0.18189358711242676
124 0.18478155136108398
125 0.18246126174926758
126 0.20778179168701172
127 0.18417620658874512
128 0.19203734397888184
129 0.1920006275177002
130 0.18302488327026367
131 0.20247912406921387
132 0.1972184181213379
133 0.18364620208740234
134 0.18471884727478027
135 0.22742819786071777
136 0.18464183807373047
137 0.18390607833862305
138 0.18675541877746582
139 0.1914830207824707
140 0.18300294876098633
141 0.22443079948425293
142 0.22666525840759277
143 0.18414807319641113
144 0.18245291709899902
145 0.19136548042297363
146 0.18423771858215332
147 0.18430829048156738
148 0.18674254417419434
149 0.2238292694091797
150 0.22428607940673828
151 0.18954944610595703
152 0.22132587432861328
153 0.2494804859161377
154 0.19479608535766602
155 0.18536043167114258
156 0.18062090873718262
157 0.18146157264709473
158 0.22568774223327637
159 0.184037446975708
160 0.2073521614074707
161 0.23041987419128418
162 0.18471837043762207
163 0.18581295013427734
164 0.22983336448669434
165 0.18188691139221191
166 0.18382883071899414
167 0.2219829559326172
168 0.18455052375793457
169 0.22931122779846191
170 0.20100855827331543
171 0.19820475578308105
172 0.18558883666992188
173 0.1822502613067627
174 0.20245885848999023
175 0.18802404403686523
176 0.19255733489990234
177 0.18254852294921875
178 0.2228226661682129
179 0.2322554588317871
180 0.18375182151794434
181 0.22621941566467285
182 0.22094058990478516
183 0.19998717308044434
184 0.19434571266174316
185 0.18269896507263184
186 0.18237090110778809
187 0.21690607070922852
188 0.22637486457824707
189 0.19853425025939941
190 0.18184185028076172
191 0.19915127754211426
192 0.2254626750946045
193 0.18971490859985352
194 0.18390893936157227
195 0.2228999137878418
196 0.1854865550994873
197 0.19339942932128906
198 0.18536925315856934
199 0.18478846549987793
200 0.18683600425720215
201 0.1923377513885498
202 0.22991490364074707
203 0.19340157508850098
204 0.1898806095123291
205 0.18460631370544434
206 0.21889305114746094
207 0.21504497528076172
208 0.18365955352783203
209 0.21635723114013672
210 0.19763398170471191
211 0.18674635887145996
212 0.23505210876464844
213 0.1868753433227539
214 0.1820385456085205
215 0.1873607635498047
216 0.18135643005371094
217 0.1831834316253662
218 0.1833171844482422
219 0.18265509605407715
220 0.18189358711242676
221 0.22444963455200195
222 0.18624472618103027
223 0.21862530708312988
224 0.18674778938293457
225 0.2181873321533203
226 0.18340587615966797
227 0.21473383903503418
228 0.16205835342407227
229 0.14774394035339355
