1 0.2096238136291504
2 0.20087265968322754
3 0.20389366149902344
4 0.20053958892822266
5 0.20453119277954102
6 0.2008812427520752
7 0.19596385955810547
8 0.19681763648986816
9 0.1964116096496582
10 0.20212221145629883
11 0.20073866844177246
12 0.257859468460083
13 0.19510245323181152
14 0.21014094352722168
15 0.2282726764678955
16 0.1973419189453125
17 0.1950080394744873
18 0.19882774353027344
19 0.19931793212890625
20 0.2104194164276123
21 0.20002484321594238
22 0.18851041793823242
23 0.21228909492492676
24 0.2093973159790039
25 0.1971266269683838
26 0.203047513961792
27 0.19444775581359863
28 0.20299935340881348
29 0.1955122947692871
30 0.18855762481689453
31 0.20715069770812988
32 0.19484949111938477
33 0.19664740562438965
34 0.1999499797821045
35 0.2008674144744873
36 0.2090599536895752
37 0.20386457443237305
38 0.22059106826782227
39 0.20863986015319824
40 0.1947309970855713
41 0.1959524154663086
42 0.19156384468078613
43 0.2044992446899414
44 0.1998443603515625
45 0.2006072998046875
46 0.18827271461486816
47 0.16904425621032715
48 0.25701189041137695
49 0.20854759216308594
50 0.1977846622467041
51 0.1967620849609375
52 0.1897435188293457
53 0.19410300254821777
54 0.18915748596191406
55 0.1944270133972168
56 0.1933760643005371
57 0.19472622871398926
58 0.19183635711669922
59 0.23021745681762695
60 0.1951136589050293
61 0.18979120254516602
62 0.19056105613708496
63 0.1871342658996582
64 0.19166231155395508
65 0.20663213729858398
66 0.18829917907714844
67 0.1876063346862793
68 0.19202923774719238
69 0.18748211860656738
70 0.19903564453125
71 0.1898643970489502
72 0.2010059356689453
73 0.19121074676513672
74 0.19257497787475586
75 0.19307684898376465
76 0.18670415878295898
77 0.20600175857543945
78 0.20060420036315918
79 0.19225859642028809
80 0.19029712677001953
81 0.18745660781860352
82 0.18822288513183594
83 0.19228529930114746
84 0.2281050682067871
85 0.19768095016479492
86 0.19126367568969727
87 0.19343113899230957
88 0.19889092445373535
89 0.19143152236938477
90 0.2061316967010498
91 0.20417070388793945
92 0.19131159782409668
93 0.23396563529968262
94 0.19713306427001953
95 0.19296550750732422
96 0.23182177543640137
97 0.20204997062683105
98 0.18976354598999023
99 0.19071078300476074
100 0.18941569328308105
101 0.19775152206420898
102 0.18841123580932617
103 0.18921184539794922
104 0.1984100341796875
105 0.18960785865783691
106 0.19487452507019043
107 0.2283496856689453
108 0.1886754035949707
109 0.1886594295501709
110 0.19013619422912598
111 0.18974041938781738
112 0.19631743431091309
113 0.19495725631713867
114 0.18873286247253418
115 0.23357844352722168
116 0.18920254707336426
117 0.19720077514648438
118 0.18915009498596191
119 0.2030799388885498
120 0.26799702644348145
121 0.19702506065368652
122 0.1913285255432129
123 0.19040775299072266
124 0.19769906997680664
125 0.18661165237426758
126 0.1886746883392334
127 0.20624160766601562
128 0.1922745704650879
129 0.22912144660949707
130 0.19406342506408691
131 0.18826866149902344
132 0.1900925636291504
133 0.19422483444213867
134 0.2356724739074707
135 0.20046687126159668
136 0.18992924690246582
137 0.20206570625305176
138 0.19280576705932617
139 0.1933903694152832
140 0.1901242733001709
141 0.1858043670654297
142 0.19026422500610352
143 0.2337648868560791
144 0.18812918663024902
145 0.18995261192321777
146 0.1977083683013916
147 0.232743501663208
148 0.23131704330444336
149 0.1937084197998047
150 0.19705867767333984
151 0.1928255558013916
152 0.18180298805236816
153 0.18816637992858887
154 0.19028687477111816
155 0.2414102554321289
156 0.19221806526184082
157 0.193345308303833
158 0.2236161231994629
159 0.18858885765075684
160 0.19179630279541016
161 0.189253568649292
162 0.22201037406921387
163 0.19245505332946777
164 0.1922910213470459
165 0.18889427185058594
166 0.1872856616973877
167 0.2278447151184082
168 0.19727230072021484
169 0.22037434577941895
170 0.18912935256958008
171 0.18952345848083496
172 0.1912682056427002
173 0.2307729721069336
174 0.1850910186767578
175 0.18773555755615234
176 0.23093652725219727
177 0.1883409023284912
178 0.1880660057067871
179 0.1882309913635254
180 0.22950506210327148
181 0.2278001308441162
182 0.2477571964263916
183 0.19535160064697266
184 0.18802118301391602
185 0.19005155563354492
186 0.19081568717956543
187 0.2378842830657959
188 0.21201181411743164
189 0.194488525390625
190 0.19110846519470215
191 0.18599724769592285
192 0.22852563858032227
193 0.18880248069763184
194 0.18823599815368652
195 0.18939828872680664
196 0.1869947910308838
197 0.22786521911621094
198 0.1900804042816162
199 0.23026514053344727
200 0.18984532356262207
201 0.18964648246765137
202 0.1911602020263672
203 0.2299790382385254
204 0.18586492538452148
205 0.19200539588928223
206 0.18936729431152344
207 0.23470449447631836
208 0.19343233108520508
209 0.2508983612060547
210 0.19200372695922852
211 0.2013087272644043
212 0.23160195350646973
213 0.19241929054260254
214 0.19330239295959473
215 0.19100499153137207
216 0.1902613639831543
217 0.22489500045776367
218 0.19573712348937988
219 0.18709349632263184
220 0.20286893844604492
221 0.2279062271118164
222 0.18745136260986328
223 0.18701982498168945
224 0.19041228294372559
225 0.18864965438842773
226 0.19625258445739746
227 0.18466544151306152
228 0.15343928337097168
229 0.15360665321350098
