1 0.19534015655517578
2 0.18588972091674805
3 0.1898636817932129
4 0.18698453903198242
5 0.1723308563232422
6 0.1721034049987793
7 0.177290678024292
8 0.1745617389678955
9 0.1750319004058838
10 0.17138218879699707
11 0.1712660789489746
12 0.2162010669708252
13 0.1721019744873047
14 0.17085862159729004
15 0.17154622077941895
16 0.18905997276306152
17 0.17661809921264648
18 0.18259549140930176
19 0.1731891632080078
20 0.1705608367919922
21 0.17525577545166016
22 0.18419480323791504
23 0.17074370384216309
24 0.16954588890075684
25 0.17319440841674805
26 0.1720876693725586
27 0.17319250106811523
28 0.17426395416259766
29 0.17392396926879883
30 0.17571163177490234
31 0.16799616813659668
32 0.17229747772216797
33 0.1710519790649414
34 0.1732478141784668
35 0.1703951358795166
36 0.17547321319580078
37 0.17231035232543945
38 0.17392206192016602
39 0.18331575393676758
40 0.17235779762268066
41 0.16708111763000488
42 0.1687610149383545
43 0.17129302024841309
44 0.1717090606689453
45 0.17477965354919434
46 0.17216944694519043
47 0.1739964485168457
48 0.17260193824768066
49 0.18689393997192383
50 0.17281413078308105
51 0.17351150512695312
52 0.1792314052581787
53 0.1681532859802246
54 0.17378520965576172
55 0.17261195182800293
56 0.17467164993286133
57 0.17563939094543457
58 0.1750164031982422
59 0.21594524383544922
60 0.17342400550842285
61 0.17343354225158691
62 0.20037341117858887
63 0.17772316932678223
64 0.1746842861175537
65 0.1725163459777832
66 0.17806315422058105
67 0.17637395858764648
68 0.17415189743041992
69 0.17127609252929688
70 0.17083048820495605
71 0.17698049545288086
72 0.1893928050994873
73 0.1779167652130127
74 0.18302249908447266
75 0.1714634895324707
76 0.1727902889251709
77 0.17574310302734375
78 0.17525434494018555
79 0.17264962196350098
80 0.17838573455810547
81 0.173783540725708
82 0.17151165008544922
83 0.19250917434692383
84 0.16989731788635254
85 0.16843390464782715
86 0.173323392868042
87 0.17532777786254883
88 0.17372727394104004
89 0.1771855354309082
90 0.17236757278442383
91 0.1712808609008789
92 0.1734178066253662
93 0.17589282989501953
94 0.17573118209838867
95 0.1739335060119629
96 0.17556095123291016
97 0.175079345703125
98 0.17521166801452637
99 0.17578601837158203
100 0.17859363555908203
101 0.1732320785522461
102 0.17406201362609863
103 0.17429423332214355
104 0.176727294921875
105 0.1764833927154541
106 0.17933440208435059
107 0.2192683219909668
108 0.1894395351409912
109 0.17966127395629883
110 0.17222166061401367
111 0.17158937454223633
112 0.17466044425964355
113 0.17317843437194824
114 0.17714738845825195
115 0.1729133129119873
116 0.17868590354919434
117 0.17517304420471191
118 0.17394709587097168
119 0.17752981185913086
120 0.17448091506958008
121 0.17504334449768066
122 0.17575788497924805
123 0.16955995559692383
124 0.17017912864685059
125 0.17263007164001465
126 0.174208402633667
127 0.17292475700378418
128 0.17453479766845703
129 0.2195589542388916
130 0.1732475757598877
131 0.17784929275512695
132 0.18732619285583496
133 0.17709970474243164
134 0.17368531227111816
135 0.17534279823303223
136 0.1733858585357666
137 0.17714238166809082
138 0.17700958251953125
139 0.18122029304504395
140 0.17164945602416992
141 0.17192649841308594
142 0.19762682914733887
143 0.17430639266967773
144 0.17290711402893066
145 0.22672486305236816
146 0.18380427360534668
147 0.22247791290283203
148 0.17937970161437988
149 0.17458081245422363
150 0.17858362197875977
151 0.18509483337402344
152 0.17593669891357422
153 0.1715831756591797
154 0.17121529579162598
155 0.173004150390625
156 0.17338204383850098
157 0.17873358726501465
158 0.17763209342956543
159 0.21862220764160156
160 0.1766049861907959
161 0.17406153678894043
162 0.177079439163208
163 0.17836236953735352
164 0.17753100395202637
165 0.17560505867004395
166 0.17305421829223633
167 0.1775820255279541
168 0.17346906661987305
169 0.17429184913635254
170 0.22028040885925293
171 0.17337656021118164
172 0.1743776798248291
173 0.17362713813781738
174 0.18160653114318848
175 0.17354559898376465
176 0.17333054542541504
177 0.1766526699066162
178 0.1753244400024414
179 0.17328763008117676
180 0.16999268531799316
181 0.16991281509399414
182 0.1796891689300537
183 0.17821192741394043
184 0.171600341796875
185 0.17285561561584473
186 0.17217016220092773
187 0.18560266494750977
188 0.1748335361480713
189 0.20018434524536133
190 0.17764782905578613
191 0.17221999168395996
192 0.1724531650543213
193 0.17464852333068848
194 0.21991658210754395
195 0.17995238304138184
196 0.17397332191467285
197 0.18314146995544434
198 0.17218589782714844
199 0.1748964786529541
200 0.17170047760009766
201 0.1756877899169922
202 0.17516207695007324
203 0.1760880947113037
204 0.1836392879486084
205 0.1696326732635498
206 0.17465567588806152
207 0.17373156547546387
208 0.17017841339111328
209 0.16964125633239746
210 0.17392945289611816
211 0.1716761589050293
212 0.1842350959777832
213 0.17756962776184082
214 0.17624783515930176
215 0.17200064659118652
216 0.17253994941711426
217 0.16954255104064941
218 0.17325711250305176
219 0.17224788665771484
220 0.17227673530578613
221 0.17744064331054688
222 0.17145490646362305
223 0.17183756828308105
224 0.17361140251159668
225 0.1731581687927246
226 0.17137694358825684
227 0.154815673828125
228 0.13934946060180664
229 0.13887476921081543
