1 0.21592473983764648
2 0.20841360092163086
3 0.21422481536865234
4 0.21848225593566895
5 0.22655558586120605
6 0.2236189842224121
7 0.21663570404052734
8 0.21507048606872559
9 0.23245739936828613
10 0.23434805870056152
11 0.22321677207946777
12 0.26274991035461426
13 0.3021397590637207
14 0.18903064727783203
15 0.21286749839782715
16 0.2192668914794922
17 0.24517822265625
18 0.18459129333496094
19 0.21804475784301758
20 0.21805191040039062
21 0.22691035270690918
22 0.18155574798583984
23 0.1813521385192871
24 0.2228074073791504
25 0.22732901573181152
26 0.18201780319213867
27 0.21518731117248535
28 0.18375682830810547
29 0.23149919509887695
30 0.19085335731506348
31 0.18733787536621094
32 0.19004535675048828
33 0.18131208419799805
34 0.18366217613220215
35 0.19015908241271973
36 0.20698237419128418
37 0.1788475513458252
38 0.1936476230621338
39 0.18282771110534668
40 0.2251722812652588
41 0.23171520233154297
42 0.1835315227508545
43 0.18541359901428223
44 0.18258070945739746
45 0.18599653244018555
46 0.17916536331176758
47 0.18360376358032227
48 0.18394088745117188
49 0.22298169136047363
50 0.18050098419189453
51 0.18753385543823242
52 0.1809697151184082
53 0.1803290843963623
54 0.18125033378601074
55 0.183976411819458
56 0.19635605812072754
57 0.18549728393554688
58 0.19663715362548828
59 0.18956995010375977
60 0.1840052604675293
61 0.18317914009094238
62 0.18185663223266602
63 0.2173776626586914
64 0.184326171875
65 0.193115234375
66 0.1814565658569336
67 0.18271660804748535
68 0.1817762851715088
69 0.1810317039489746
70 0.18403244018554688
71 0.18251633644104004
72 0.19176888465881348
73 0.19091200828552246
74 0.18207550048828125
75 0.18697237968444824
76 0.19460439682006836
77 0.1834580898284912
78 0.18226027488708496
79 0.2261059284210205
80 0.19803452491760254
81 0.19667840003967285
82 0.2238788604736328
83 0.2011585235595703
84 0.2308039665222168
85 0.22120976448059082
86 0.1853015422821045
87 0.18148565292358398
88 0.18465447425842285
89 0.1829078197479248
90 0.26845812797546387
91 0.1876049041748047
92 0.17970824241638184
93 0.18512535095214844
94 0.18449854850769043
95 0.18360304832458496
96 0.18251633644104004
97 0.19760966300964355
98 0.18484902381896973
99 0.2367537021636963
100 0.1831369400024414
101 0.1856064796447754
102 0.21585512161254883
103 0.18258166313171387
104 0.18378639221191406
105 0.1833662986755371
106 0.19098591804504395
107 0.18545794486999512
108 0.2648916244506836
109 0.18404769897460938
110 0.24403905868530273
111 0.2228844165802002
112 0.1819605827331543
113 0.21886634826660156
114 0.23350048065185547
115 0.2374715805053711
116 0.21123290061950684
117 0.22741031646728516
118 0.18906378746032715
119 0.18421339988708496
120 0.21638107299804688
121 0.1834266185760498
122 0.18081045150756836
123 0.18280792236328125
124 0.1803743839263916
125 0.18221163749694824
126 0.21288704872131348
127 0.22156143188476562
128 0.18439364433288574
129 0.18607234954833984
130 0.1886308193206787
131 0.18029212951660156
132 0.22545194625854492
133 0.19596362113952637
134 0.18433475494384766
135 0.18312454223632812
136 0.18481874465942383
137 0.23058032989501953
138 0.18839645385742188
139 0.17939305305480957
140 0.18307280540466309
141 0.20230364799499512
142 0.18301796913146973
143 0.1850893497467041
144 0.22521424293518066
145 0.18672752380371094
146 0.19003820419311523
147 0.183058500289917
148 0.23628783226013184
149 0.2839395999908447
150 0.19281244277954102
151 0.1841878890991211
152 0.23209452629089355
153 0.22516703605651855
154 0.18580198287963867
155 0.19037914276123047
156 0.2513272762298584
157 0.22754573822021484
158 0.18605589866638184
159 0.18169546127319336
160 0.23555517196655273
161 0.23557567596435547
162 0.18472504615783691
163 0.22031569480895996
164 0.18175649642944336
165 0.18294453620910645
166 0.18227386474609375
167 0.18317937850952148
168 0.1841294765472412
169 0.3087904453277588
170 0.1894376277923584
171 0.21007561683654785
172 0.17961668968200684
173 0.22136902809143066
174 0.21532130241394043
175 0.1820075511932373
176 0.20119643211364746
177 0.18370461463928223
178 0.2169475555419922
179 0.18121862411499023
180 0.18189072608947754
181 0.17944121360778809
182 0.18343520164489746
183 0.18482589721679688
184 0.23007488250732422
185 0.20010662078857422
186 0.2290964126586914
187 0.2277355194091797
188 0.1860675811767578
189 0.1840229034423828
190 0.1842038631439209
191 0.18094301223754883
192 0.18184518814086914
193 0.18077874183654785
194 0.18445539474487305
195 0.22867274284362793
196 0.18068885803222656
197 0.22277498245239258
198 0.18349170684814453
199 0.22406291961669922
200 0.1809844970703125
201 0.18227338790893555
202 0.1833028793334961
203 0.18580007553100586
204 0.18289422988891602
205 0.19017291069030762
206 0.18822932243347168
207 0.21636486053466797
208 0.1974642276763916
209 0.18331336975097656
210 0.18581652641296387
211 0.18361115455627441
212 0.18610382080078125
213 0.18358349800109863
214 0.22104310989379883
215 0.18586969375610352
216 0.22253966331481934
217 0.18278741836547852
218 0.22672057151794434
219 0.18572711944580078
220 0.2305927276611328
221 0.20706629753112793
222 0.1826763153076172
223 0.1822493076324463
224 0.22796201705932617
225 0.18511748313903809
226 0.18413877487182617
227 0.1535053253173828
228 0.16001009941101074
229 0.15189504623413086
