1 0.19028925895690918
2 0.18054556846618652
3 0.1671144962310791
4 0.1793673038482666
5 0.1639575958251953
6 0.161149263381958
7 0.1638648509979248
8 0.16681456565856934
9 0.16873764991760254
10 0.1650981903076172
11 0.1671440601348877
12 0.16439485549926758
13 0.20891427993774414
14 0.16093087196350098
15 0.16142868995666504
16 0.17969918251037598
17 0.1636357307434082
18 0.17772698402404785
19 0.163543701171875
20 0.16455745697021484
21 0.16464710235595703
22 0.1647171974182129
23 0.16273188591003418
24 0.16383934020996094
25 0.16541075706481934
26 0.16887903213500977
27 0.16643571853637695
28 0.1789383888244629
29 0.1649761199951172
30 0.1625206470489502
31 0.16333508491516113
32 0.18283557891845703
33 0.16637587547302246
34 0.16287875175476074
35 0.16735363006591797
36 0.18631267547607422
37 0.16315174102783203
38 0.16206073760986328
39 0.16581368446350098
40 0.16300368309020996
41 0.16431903839111328
42 0.16330552101135254
43 0.16207504272460938
44 0.17863082885742188
45 0.1672523021697998
46 0.16170525550842285
47 0.16332697868347168
48 0.16300654411315918
49 0.16410493850708008
50 0.1784968376159668
51 0.16733527183532715
52 0.16589069366455078
53 0.16077470779418945
54 0.1620042324066162
55 0.16428732872009277
56 0.16395282745361328
57 0.16736197471618652
58 0.16576433181762695
59 0.1644728183746338
60 0.1642627716064453
61 0.17929363250732422
62 0.1585226058959961
63 0.1646566390991211
64 0.2064189910888672
65 0.16495466232299805
66 0.15972018241882324
67 0.16420221328735352
68 0.16352486610412598
69 0.16248178482055664
70 0.1627357006072998
71 0.1620323657989502
72 0.16291022300720215
73 0.16326332092285156
74 0.17092394828796387
75 0.16353535652160645
76 0.16026854515075684
77 0.16423368453979492
78 0.16508865356445312
79 0.16268658638000488
80 0.16074180603027344
81 0.16172099113464355
82 0.17353200912475586
83 0.16488313674926758
84 0.16505885124206543
85 0.17049145698547363
86 0.16331195831298828
87 0.16541719436645508
88 0.16569948196411133
89 0.1660308837890625
90 0.16732358932495117
91 0.16300034523010254
92 0.17796063423156738
93 0.17155671119689941
94 0.16501736640930176
95 0.16402912139892578
96 0.17624616622924805
97 0.16214370727539062
98 0.2037343978881836
99 0.1674354076385498
100 0.16114163398742676
101 0.16353917121887207
102 0.1679086685180664
103 0.1625058650970459
104 0.16443324089050293
105 0.16108918190002441
106 0.16756296157836914
107 0.16723847389221191
108 0.16235685348510742
109 0.18205499649047852
110 0.161909818649292
111 0.1633000373840332
112 0.16412782669067383
113 0.1625356674194336
114 0.1704554557800293
115 0.16271114349365234
116 0.2124624252319336
117 0.16904973983764648
118 0.16551876068115234
119 0.171128511428833
120 0.16561174392700195
121 0.1641988754272461
122 0.16366147994995117
123 0.1648406982421875
124 0.17035770416259766
125 0.16454267501831055
126 0.16123676300048828
127 0.16153240203857422
128 0.1676788330078125
129 0.172623872756958
130 0.1672074794769287
131 0.16482830047607422
132 0.16506004333496094
133 0.16591596603393555
134 0.16192960739135742
135 0.16430068016052246
136 0.1604290008544922
137 0.16095352172851562
138 0.1587677001953125
139 0.16091299057006836
140 0.1642005443572998
141 0.16281795501708984
142 0.16246819496154785
143 0.16452646255493164
144 0.16335296630859375
145 0.16751623153686523
146 0.16545915603637695
147 0.1662132740020752
148 0.1609787940979004
149 0.16275906562805176
150 0.1705183982849121
151 0.17072010040283203
152 0.18294930458068848
153 0.16566967964172363
154 0.16229605674743652
155 0.16539931297302246
156 0.17255353927612305
157 0.1658010482788086
158 0.1660754680633545
159 0.20771479606628418
160 0.17333269119262695
161 0.16220831871032715
162 0.16384458541870117
163 0.16851282119750977
164 0.16100311279296875
165 0.16530203819274902
166 0.15996646881103516
167 0.16801047325134277
168 0.20561838150024414
169 0.16499638557434082
170 0.1692359447479248
171 0.16361260414123535
172 0.2068464756011963
173 0.16370439529418945
174 0.16545486450195312
175 0.16877269744873047
176 0.16423702239990234
177 0.16419124603271484
178 0.1628255844116211
179 0.16599512100219727
180 0.16391253471374512
181 0.1598374843597412
182 0.16597628593444824
183 0.16786694526672363
184 0.16422009468078613
185 0.16237401962280273
186 0.16090035438537598
187 0.1596238613128662
188 0.17096757888793945
189 0.16418027877807617
190 0.16126298904418945
191 0.1632695198059082
192 0.16222167015075684
193 0.16742444038391113
194 0.1618804931640625
195 0.16617393493652344
196 0.15929126739501953
197 0.16267848014831543
198 0.1615281105041504
199 0.21063947677612305
200 0.20962119102478027
201 0.16232514381408691
202 0.16262435913085938
203 0.16931533813476562
204 0.1606752872467041
205 0.16197776794433594
206 0.1643505096435547
207 0.16263175010681152
208 0.1664729118347168
209 0.20645737648010254
210 0.1636369228363037
211 0.1661243438720703
212 0.16222095489501953
213 0.16308140754699707
214 0.16499567031860352
215 0.1628427505493164
216 0.16509222984313965
217 0.16258811950683594
218 0.16326212882995605
219 0.16335535049438477
220 0.1669173240661621
221 0.16408801078796387
222 0.1677401065826416
223 0.16564488410949707
224 0.16414570808410645
225 0.1634674072265625
226 0.16420626640319824
227 0.15114188194274902
228 0.13873577117919922
229 0.1286144256591797
