1 0.2240750789642334
2 0.20685529708862305
3 0.20758056640625
4 0.21944022178649902
5 0.2098855972290039
6 0.2096705436706543
7 0.20718145370483398
8 0.2513301372528076
9 0.2727940082550049
10 0.1945939064025879
11 0.21775531768798828
12 0.20604872703552246
13 0.20181941986083984
14 0.22490310668945312
15 0.20367074012756348
16 0.20969772338867188
17 0.20786666870117188
18 0.2112865447998047
19 0.20062041282653809
20 0.21106719970703125
21 0.21659040451049805
22 0.22343659400939941
23 0.2080397605895996
24 0.20343542098999023
25 0.20842790603637695
26 0.1991863250732422
27 0.19126343727111816
28 0.19972944259643555
29 0.2083582878112793
30 0.2095472812652588
31 0.19934415817260742
32 0.1981065273284912
33 0.21024107933044434
34 0.2195274829864502
35 0.25864553451538086
36 0.21701478958129883
37 0.2069711685180664
38 0.19291305541992188
39 0.24783778190612793
40 0.24603009223937988
41 0.2128138542175293
42 0.252941370010376
43 0.20681381225585938
44 0.20357751846313477
45 0.20757055282592773
46 0.1931593418121338
47 0.2350599765777588
48 0.20463800430297852
49 0.1936473846435547
50 0.2015986442565918
51 0.20431828498840332
52 0.19019126892089844
53 0.20694828033447266
54 0.19447731971740723
55 0.21466755867004395
56 0.1925814151763916
57 0.1974170207977295
58 0.19788694381713867
59 0.20524382591247559
60 0.2074418067932129
61 0.20375943183898926
62 0.20155000686645508
63 0.18883538246154785
64 0.2345879077911377
65 0.23954987525939941
66 0.1981213092803955
67 0.23976945877075195
68 0.2005467414855957
69 0.20498991012573242
70 0.2460646629333496
71 0.23636484146118164
72 0.20078468322753906
73 0.1930398941040039
74 0.19291281700134277
75 0.21895790100097656
76 0.19545245170593262
77 0.19771218299865723
78 0.20973658561706543
79 0.24158954620361328
80 0.21204257011413574
81 0.20452022552490234
82 0.20059895515441895
83 0.21075940132141113
84 0.19433093070983887
85 0.1998589038848877
86 0.20511913299560547
87 0.20446562767028809
88 0.20740079879760742
89 0.19545459747314453
90 0.23924970626831055
91 0.19455742835998535
92 0.18991708755493164
93 0.1959998607635498
94 0.20728826522827148
95 0.2204298973083496
96 0.2361135482788086
97 0.21184301376342773
98 0.25832557678222656
99 0.1966569423675537
100 0.24130773544311523
101 0.23747730255126953
102 0.2557532787322998
103 0.1947932243347168
104 0.1922285556793213
105 0.19327902793884277
106 0.23880839347839355
107 0.19262146949768066
108 0.28090667724609375
109 0.23952460289001465
110 0.19177985191345215
111 0.19289350509643555
112 0.19469857215881348
113 0.24016809463500977
114 0.23037338256835938
115 0.1948680877685547
116 0.20893383026123047
117 0.1995713710784912
118 0.23662614822387695
119 0.19308733940124512
120 0.19589805603027344
121 0.20899343490600586
122 0.19578075408935547
123 0.20572781562805176
124 0.23827528953552246
125 0.19487404823303223
126 0.24520158767700195
127 0.277651309967041
128 0.19729113578796387
129 0.23393630981445312
130 0.24302077293395996
131 0.23787903785705566
132 0.23705744743347168
133 0.2380836009979248
134 0.24608778953552246
135 0.19501495361328125
136 0.25749731063842773
137 0.230485200881958
138 0.2070293426513672
139 0.20525097846984863
140 0.20722436904907227
141 0.19422268867492676
142 0.19550204277038574
143 0.19446897506713867
144 0.24124979972839355
145 0.21364688873291016
146 0.19953370094299316
147 0.1937723159790039
148 0.19731998443603516
149 0.24653959274291992
150 0.23648691177368164
151 0.23763561248779297
152 0.24581599235534668
153 0.23949313163757324
154 0.25643491744995117
155 0.20592188835144043
156 0.24086785316467285
157 0.19759178161621094
158 0.19127941131591797
159 0.19296741485595703
160 0.2805466651916504
161 0.19549131393432617
162 0.24172520637512207
163 0.24026036262512207
164 0.20016026496887207
165 0.23796558380126953
166 0.2014303207397461
167 0.24386858940124512
168 0.19729876518249512
169 0.24679327011108398
170 0.2141556739807129
171 0.24744915962219238
172 0.24569439888000488
173 0.2090318202972412
174 0.2425827980041504
175 0.2639789581298828
176 0.2867124080657959
177 0.2711930274963379
178 0.2395627498626709
179 0.22964072227478027
180 0.2341172695159912
181 0.20054936408996582
182 0.19217824935913086
183 0.20358490943908691
184 0.27683448791503906
185 0.22377777099609375
186 0.23941636085510254
187 0.21202898025512695
188 0.24106097221374512
189 0.19775676727294922
190 0.2414712905883789
191 0.19698834419250488
192 0.19053864479064941
193 0.24211502075195312
194 0.21031856536865234
195 0.2172384262084961
196 0.20947980880737305
197 0.19473600387573242
198 0.2407217025756836
199 0.24305152893066406
200 0.2353346347808838
201 0.23959779739379883
202 0.2507200241088867
203 0.28789520263671875
204 0.19807124137878418
205 0.1919572353363037
206 0.2365565299987793
207 0.24045324325561523
208 0.2482013702392578
209 0.19015002250671387
210 0.240997314453125
211 0.20362377166748047
212 0.1968679428100586
213 0.23375177383422852
214 0.21239209175109863
215 0.2743949890136719
216 0.20032310485839844
217 0.2342519760131836
218 0.2152402400970459
219 0.19651126861572266
220 0.22021269798278809
221 0.19922947883605957
222 0.20053958892822266
223 0.20621156692504883
224 0.23139381408691406
225 0.22877192497253418
226 0.1984236240386963
227 0.1999974250793457
228 0.16509294509887695
229 0.20804381370544434
