1 0.25324535369873047
2 0.2469027042388916
3 0.24491524696350098
4 0.24667048454284668
5 0.23832106590270996
6 0.2410728931427002
7 0.24856305122375488
8 0.23083972930908203
9 0.26445436477661133
10 0.23733830451965332
11 0.23938465118408203
12 0.2809417247772217
13 0.2848238945007324
14 0.22463393211364746
15 0.2434067726135254
16 0.2398848533630371
17 0.23856353759765625
18 0.2581357955932617
19 0.272794246673584
20 0.2565631866455078
21 0.2537674903869629
22 0.260176420211792
23 0.2383863925933838
24 0.2529289722442627
25 0.257159948348999
26 0.25257372856140137
27 0.22676825523376465
28 0.259183406829834
29 0.25961852073669434
30 0.2443838119506836
31 0.25180530548095703
32 0.23507118225097656
33 0.24159789085388184
34 0.21534252166748047
35 0.2501566410064697
36 0.2261807918548584
37 0.2252659797668457
38 0.21265196800231934
39 0.2113802433013916
40 0.2469651699066162
41 0.23424887657165527
42 0.22332477569580078
43 0.20940232276916504
44 0.23395490646362305
45 0.1989428997039795
46 0.20893430709838867
47 0.23218774795532227
48 0.2256476879119873
49 0.2394237518310547
50 0.21687579154968262
51 0.21735405921936035
52 0.21071887016296387
53 0.226884126663208
54 0.29813575744628906
55 0.2378253936767578
56 0.20927953720092773
57 0.23874926567077637
58 0.21408677101135254
59 0.2074756622314453
60 0.20357990264892578
61 0.20177650451660156
62 0.2359604835510254
63 0.21860766410827637
64 0.20794963836669922
65 0.25182080268859863
66 0.268526554107666
67 0.21044564247131348
68 0.24953007698059082
69 0.2252821922302246
70 0.24853515625
71 0.23162269592285156
72 0.2292184829711914
73 0.20847535133361816
74 0.20601272583007812
75 0.2329106330871582
76 0.22176694869995117
77 0.20786333084106445
78 0.21545791625976562
79 0.2048356533050537
80 0.20749688148498535
81 0.2439281940460205
82 0.21038269996643066
83 0.20245623588562012
84 0.20265936851501465
85 0.23560690879821777
86 0.20299839973449707
87 0.2223970890045166
88 0.2619311809539795
89 0.2063446044921875
90 0.24535226821899414
91 0.23679423332214355
92 0.20135927200317383
93 0.23652172088623047
94 0.24141812324523926
95 0.21993184089660645
96 0.20332098007202148
97 0.2693758010864258
98 0.2114572525024414
99 0.24190568923950195
100 0.2396543025970459
101 0.20263051986694336
102 0.2380514144897461
103 0.25649023056030273
104 0.20836091041564941
105 0.21281695365905762
106 0.24623966217041016
107 0.24161815643310547
108 0.2045440673828125
109 0.20482587814331055
110 0.24047517776489258
111 0.2094252109527588
112 0.20139098167419434
113 0.249922513961792
114 0.23825883865356445
115 0.23553180694580078
116 0.20319008827209473
117 0.20725464820861816
118 0.23569726943969727
119 0.2035388946533203
120 0.2561984062194824
121 0.23978424072265625
122 0.24678587913513184
123 0.2038569450378418
124 0.24694299697875977
125 0.20174145698547363
126 0.299274206161499
127 0.2948155403137207
128 0.2190701961517334
129 0.2108752727508545
130 0.284834623336792
131 0.24449753761291504
132 0.25143861770629883
133 0.23721981048583984
134 0.2149944305419922
135 0.2248680591583252
136 0.24041295051574707
137 0.22078323364257812
138 0.2048790454864502
139 0.22156071662902832
140 0.23843765258789062
141 0.25248217582702637
142 0.24746274948120117
143 0.23987364768981934
144 0.24513602256774902
145 0.23173737525939941
146 0.2636570930480957
147 0.2417898178100586
148 0.2462162971496582
149 0.24874591827392578
150 0.2221224308013916
151 0.2405381202697754
152 0.24676108360290527
153 0.20171904563903809
154 0.2389969825744629
155 0.38938403129577637
156 0.24645161628723145
157 0.23625969886779785
158 0.23409056663513184
159 0.26338958740234375
160 0.26117849349975586
161 0.21321797370910645
162 0.22622108459472656
163 0.28943681716918945
164 0.255007266998291
165 0.25184202194213867
166 0.20760846138000488
167 0.25737452507019043
168 0.26485657691955566
169 0.2488114833831787
170 0.24195480346679688
171 0.24936413764953613
172 0.24718928337097168
173 0.24681997299194336
174 0.21106362342834473
175 0.23890209197998047
176 0.24894332885742188
177 0.24593400955200195
178 0.24365615844726562
179 0.225877046585083
180 0.28051257133483887
181 0.28438377380371094
182 0.24118256568908691
183 0.2487642765045166
184 0.27396488189697266
185 0.24335837364196777
186 0.2853090763092041
187 0.23423528671264648
188 0.2435619831085205
189 0.20123648643493652
190 0.20254015922546387
191 0.23197031021118164
192 0.2884025573730469
193 0.27559614181518555
194 0.239548921585083
195 0.24427199363708496
196 0.24590754508972168
197 0.22305989265441895
198 0.2349395751953125
199 0.25803637504577637
200 0.2722625732421875
201 0.22417283058166504
202 0.24040603637695312
203 0.25649070739746094
204 0.24424004554748535
205 0.26973533630371094
206 0.283557653427124
207 0.2531912326812744
208 0.2484433650970459
209 0.21790528297424316
210 0.24364495277404785
211 0.20235133171081543
212 0.24066972732543945
213 0.20223522186279297
214 0.22403502464294434
215 0.2087700366973877
216 0.2421891689300537
217 0.23594927787780762
218 0.24814438819885254
219 0.20353293418884277
220 0.20399785041809082
221 0.2581660747528076
222 0.2198042869567871
223 0.23989295959472656
224 0.21530485153198242
225 0.20067739486694336
226 0.28363823890686035
227 0.19917011260986328
228 0.24800777435302734
229 0.21966123580932617
