1 3.343881845474243
2 1.3955762386322021
3 1.4258084297180176
4 1.4166812896728516
5 1.3947246074676514
6 1.6435356140136719
7 1.4273111820220947
8 1.4930577278137207
9 1.4165184497833252
10 1.5130391120910645
11 1.4407000541687012
12 1.425065040588379
13 1.3189258575439453
14 1.3874578475952148
15 1.4404497146606445
16 1.449688196182251
17 1.3644330501556396
18 1.3343961238861084
19 1.4714665412902832
20 1.353111982345581
21 1.4796741008758545
22 1.4513707160949707
23 1.4117250442504883
24 1.4551191329956055
25 1.4279906749725342
26 1.311481237411499
27 1.336561918258667
28 1.4118983745574951
29 1.4048423767089844
30 1.3462626934051514
31 1.337217092514038
32 1.3460640907287598
33 1.372389793395996
34 1.369736671447754
35 1.4438841342926025
36 1.428739070892334
37 1.3387651443481445
38 1.4560952186584473
39 1.5056631565093994
40 1.4397318363189697
41 1.6715590953826904
42 1.447340965270996
43 1.3796076774597168
44 1.4049887657165527
45 1.3705778121948242
46 1.5865142345428467
47 1.4560184478759766
48 1.3433678150177002
49 1.3778669834136963
50 1.4911625385284424
51 1.4919507503509521
52 1.4193227291107178
53 1.4389655590057373
54 1.4291508197784424
55 1.6159379482269287
56 1.4459822177886963
57 1.4212346076965332
58 1.3401000499725342
59 1.350724458694458
60 1.4359495639801025
61 1.4296042919158936
62 1.5837886333465576
63 1.4409081935882568
64 1.4331519603729248
65 1.5596816539764404
66 1.3764820098876953
67 1.3906440734863281
68 1.3606338500976562
69 1.4456696510314941
70 1.4088983535766602
71 1.478609561920166
72 1.3727397918701172
73 1.3365042209625244
74 1.3903813362121582
75 1.3610572814941406
76 1.5219755172729492
77 1.4597675800323486
78 1.4539732933044434
79 1.3305304050445557
80 1.440042495727539
81 1.4651033878326416
82 1.3573524951934814
83 1.383758783340454
84 1.3905656337738037
85 1.3646018505096436
86 1.3637139797210693
87 1.4630117416381836
88 1.374497652053833
89 1.4816410541534424
90 1.5848000049591064
91 1.3809592723846436
92 1.4478185176849365
93 1.4506089687347412
94 1.3814239501953125
95 1.4884777069091797
96 1.4344196319580078
97 1.3577585220336914
98 1.4441196918487549
99 1.4764244556427002
100 1.3902158737182617
101 1.4660179615020752
102 1.476271390914917
103 1.3712565898895264
104 1.475341796875
105 1.3572931289672852
106 1.4047420024871826
107 1.3625447750091553
108 1.4085578918457031
109 1.3698954582214355
110 1.479633092880249
111 1.3732550144195557
112 1.3809292316436768
113 1.4058611392974854
114 1.4673981666564941
115 1.3426036834716797
116 1.3868873119354248
117 1.4785676002502441
118 1.4989733695983887
119 1.4685566425323486
120 1.4820201396942139
121 1.3520824909210205
122 1.496955156326294
123 1.378413200378418
124 1.451923131942749
125 1.3865869045257568
126 1.4948921203613281
127 1.3932905197143555
128 1.4837241172790527
129 1.4052412509918213
130 1.4784395694732666
131 1.3945722579956055
132 1.5149004459381104
133 1.4212357997894287
134 1.4938759803771973
135 1.4478375911712646
136 1.474104404449463
137 1.4359943866729736
138 1.4947209358215332
139 1.5203769207000732
140 1.4971039295196533
141 1.4622595310211182
142 1.381260633468628
143 1.4055845737457275
144 1.4012012481689453
145 1.4670405387878418
146 1.403515338897705
147 1.5018575191497803
148 1.405928373336792
149 1.402529239654541
150 1.4816033840179443
151 1.45870041847229
152 1.4031662940979004
153 1.4899365901947021
154 1.4742610454559326
155 1.3753583431243896
156 1.4806740283966064
157 1.3731966018676758
158 1.4190144538879395
159 1.5810456275939941
