1 0.2444934844970703
2 0.22469687461853027
3 0.2737877368927002
4 0.22685670852661133
5 0.2531623840332031
6 0.2421095371246338
7 0.2364950180053711
8 0.2118701934814453
9 0.22432684898376465
10 0.25084424018859863
11 0.20522475242614746
12 0.2778449058532715
13 0.28221893310546875
14 0.23196649551391602
15 0.2473299503326416
16 0.2386176586151123
17 0.2413341999053955
18 0.21786022186279297
19 0.22971677780151367
20 0.24746417999267578
21 0.22886347770690918
22 0.1981184482574463
23 0.21721434593200684
24 0.21988701820373535
25 0.21193861961364746
26 0.22043466567993164
27 0.21970868110656738
28 0.2510364055633545
29 0.19094371795654297
30 0.19791197776794434
31 0.209578275680542
32 0.19339823722839355
33 0.19867300987243652
34 0.19245553016662598
35 0.20082330703735352
36 0.18959403038024902
37 0.21431612968444824
38 0.22528481483459473
39 0.22834157943725586
40 0.21908855438232422
41 0.1873929500579834
42 0.24517393112182617
43 0.2290782928466797
44 0.19507479667663574
45 0.2164759635925293
46 0.18529272079467773
47 0.19089436531066895
48 0.19887542724609375
49 0.28946447372436523
50 0.19122815132141113
51 0.19144821166992188
52 0.18699264526367188
53 0.19858980178833008
54 0.27740001678466797
55 0.19063830375671387
56 0.19117140769958496
57 0.19194841384887695
58 0.1897413730621338
59 0.2082350254058838
60 0.21048617362976074
61 0.19056010246276855
62 0.21245718002319336
63 0.24660778045654297
64 0.19776487350463867
65 0.2450408935546875
66 0.19961285591125488
67 0.23072075843811035
68 0.19289708137512207
69 0.2081892490386963
70 0.19208002090454102
71 0.19339370727539062
72 0.18990540504455566
73 0.22892165184020996
74 0.19420146942138672
75 0.1987760066986084
76 0.18808341026306152
77 0.18695068359375
78 0.1876509189605713
79 0.19516921043395996
80 0.19122552871704102
81 0.18896126747131348
82 0.18770813941955566
83 0.20596027374267578
84 0.19252467155456543
85 0.23110675811767578
86 0.2069261074066162
87 0.20212960243225098
88 0.19545340538024902
89 0.19266867637634277
90 0.20908141136169434
91 0.22763872146606445
92 0.18848085403442383
93 0.1960737705230713
94 0.1945805549621582
95 0.18895363807678223
96 0.1962718963623047
97 0.19091582298278809
98 0.2225019931793213
99 0.20688962936401367
100 0.1893322467803955
101 0.23621416091918945
102 0.22574639320373535
103 0.20270967483520508
104 0.19173979759216309
105 0.2014021873474121
106 0.24214959144592285
107 0.1917123794555664
108 0.18879294395446777
109 0.19567418098449707
110 0.23095488548278809
111 0.19015121459960938
112 0.19035720825195312
113 0.18885087966918945
114 0.1920146942138672
115 0.18949365615844727
116 0.24407196044921875
117 0.23228859901428223
118 0.1910691261291504
119 0.26154351234436035
120 0.18963265419006348
121 0.2307131290435791
122 0.18761157989501953
123 0.19057989120483398
124 0.23528313636779785
125 0.24972796440124512
126 0.193314790725708
127 0.2325911521911621
128 0.1919264793395996
129 0.19044876098632812
130 0.19070029258728027
131 0.23402857780456543
132 0.18924760818481445
133 0.19212555885314941
134 0.19364237785339355
135 0.18689870834350586
136 0.22450780868530273
137 0.19645929336547852
138 0.23464632034301758
139 0.19743013381958008
140 0.18997645378112793
141 0.18882226943969727
142 0.27310633659362793
143 0.2355971336364746
144 0.19088411331176758
145 0.1963963508605957
146 0.1907365322113037
147 0.19825291633605957
148 0.20488500595092773
149 0.21553921699523926
150 0.26042914390563965
151 0.19239091873168945
152 0.23317480087280273
153 0.18952584266662598
154 0.21282649040222168
155 0.233978271484375
156 0.23369407653808594
157 0.27365922927856445
158 0.22182297706604004
159 0.23302102088928223
160 0.19132232666015625
161 0.24352574348449707
162 0.19432616233825684
163 0.26465654373168945
164 0.21638822555541992
165 0.2621009349822998
166 0.1894087791442871
167 0.18814826011657715
168 0.22851181030273438
169 0.2312631607055664
170 0.22832107543945312
171 0.2638404369354248
172 0.1917424201965332
173 0.21553659439086914
174 0.231245756149292
175 0.20848298072814941
176 0.22785305976867676
177 0.19327712059020996
178 0.23491811752319336
179 0.23511433601379395
180 0.22518420219421387
181 0.22823643684387207
182 0.19313836097717285
183 0.26621317863464355
184 0.20808029174804688
185 0.19866418838500977
186 0.19756841659545898
187 0.23592138290405273
188 0.19067835807800293
189 0.19290924072265625
190 0.19068312644958496
191 0.2378377914428711
192 0.19632911682128906
193 0.24178242683410645
194 0.18845915794372559
195 0.24043893814086914
196 0.19092965126037598
197 0.19384098052978516
198 0.23936796188354492
199 0.2732663154602051
200 0.22348713874816895
201 0.22876214981079102
202 0.19012069702148438
203 0.22391581535339355
204 0.18946313858032227
205 0.2327423095703125
206 0.19283795356750488
207 0.23233509063720703
208 0.21774649620056152
209 0.19211864471435547
210 0.19103741645812988
211 0.23702335357666016
212 0.19524598121643066
213 0.2454988956451416
214 0.1918809413909912
215 0.18723559379577637
216 0.22446703910827637
217 0.1960463523864746
218 0.26201653480529785
219 0.19292187690734863
220 0.19130778312683105
221 0.2730231285095215
222 0.18834972381591797
223 0.19367003440856934
224 0.20224881172180176
225 0.1938314437866211
226 0.2363893985748291
227 0.1783599853515625
228 0.17069125175476074
229 0.1734614372253418
