1 0.20496177673339844
2 0.19510173797607422
3 0.19320011138916016
4 0.20505261421203613
5 0.1950533390045166
6 0.18841147422790527
7 0.19408464431762695
8 0.19878411293029785
9 0.19585800170898438
10 0.19712495803833008
11 0.18591547012329102
12 0.24486088752746582
13 0.18613338470458984
14 0.19445586204528809
15 0.19933342933654785
16 0.1841878890991211
17 0.1833629608154297
18 0.19188356399536133
19 0.19351911544799805
20 0.18648147583007812
21 0.20342206954956055
22 0.19746661186218262
23 0.18025994300842285
24 0.18416213989257812
25 0.18480825424194336
26 0.18529272079467773
27 0.18305277824401855
28 0.19134068489074707
29 0.17760396003723145
30 0.1862325668334961
31 0.18422698974609375
32 0.18124938011169434
33 0.18785786628723145
34 0.1858527660369873
35 0.18506669998168945
36 0.19730520248413086
37 0.19490337371826172
38 0.18433785438537598
39 0.18757128715515137
40 0.1851511001586914
41 0.18513989448547363
42 0.19008684158325195
43 0.1830909252166748
44 0.1825120449066162
45 0.18127059936523438
46 0.18142080307006836
47 0.15231895446777344
48 0.19022798538208008
49 0.1825695037841797
50 0.18575358390808105
51 0.18388795852661133
52 0.18477082252502441
53 0.1828782558441162
54 0.187208890914917
55 0.1818830966949463
56 0.18301057815551758
57 0.22059321403503418
58 0.18439722061157227
59 0.18120813369750977
60 0.18407368659973145
61 0.20111727714538574
62 0.19823241233825684
63 0.18809986114501953
64 0.1849226951599121
65 0.18523359298706055
66 0.1866765022277832
67 0.1802370548248291
68 0.18278193473815918
69 0.18584418296813965
70 0.18292498588562012
71 0.18993544578552246
72 0.18393182754516602
73 0.18938708305358887
74 0.187760591506958
75 0.18293333053588867
76 0.19416236877441406
77 0.18553423881530762
78 0.19067859649658203
79 0.1811997890472412
80 0.1899402141571045
81 0.18054890632629395
82 0.18600797653198242
83 0.18837213516235352
84 0.18131637573242188
85 0.2030630111694336
86 0.18488407135009766
87 0.18524718284606934
88 0.18413019180297852
89 0.199326753616333
90 0.18904829025268555
91 0.18187832832336426
92 0.18265962600708008
93 0.1957552433013916
94 0.18475866317749023
95 0.18292665481567383
96 0.19573283195495605
97 0.1879866123199463
98 0.17865753173828125
99 0.18549203872680664
100 0.19365453720092773
101 0.18800926208496094
102 0.18349695205688477
103 0.18570876121520996
104 0.2417762279510498
105 0.18500709533691406
106 0.19485211372375488
107 0.18820810317993164
108 0.1824631690979004
109 0.1828441619873047
110 0.18568873405456543
111 0.18543672561645508
112 0.18833112716674805
113 0.18566513061523438
114 0.1831667423248291
115 0.18118619918823242
116 0.1807091236114502
117 0.18968892097473145
118 0.19570565223693848
119 0.18763232231140137
120 0.18602538108825684
121 0.18625450134277344
122 0.18257641792297363
123 0.18222332000732422
124 0.18655014038085938
125 0.1859285831451416
126 0.22832274436950684
127 0.18662309646606445
128 0.18380236625671387
129 0.2306535243988037
130 0.18644475936889648
131 0.18230438232421875
132 0.1820986270904541
133 0.1866285800933838
134 0.18164896965026855
135 0.1849830150604248
136 0.2225635051727295
137 0.18589448928833008
138 0.18403863906860352
139 0.18532037734985352
140 0.18659687042236328
141 0.2328779697418213
142 0.18784499168395996
143 0.18680739402770996
144 0.18899011611938477
145 0.1841886043548584
146 0.19486427307128906
147 0.1867673397064209
148 0.23504352569580078
149 0.19524812698364258
150 0.18826913833618164
151 0.19761276245117188
152 0.19016265869140625
153 0.18696355819702148
154 0.18045282363891602
155 0.17972826957702637
156 0.18420624732971191
157 0.18510079383850098
158 0.18442845344543457
159 0.22905588150024414
160 0.22663187980651855
161 0.18329191207885742
162 0.18119597434997559
163 0.18399572372436523
164 0.1832730770111084
165 0.18270206451416016
166 0.22519230842590332
167 0.18785572052001953
168 0.1851484775543213
169 0.18598031997680664
170 0.2278425693511963
171 0.18603014945983887
172 0.24150466918945312
173 0.2241356372833252
174 0.18235111236572266
175 0.2220911979675293
176 0.18170523643493652
177 0.21195244789123535
178 0.18052268028259277
179 0.18628191947937012
180 0.1902480125427246
181 0.18860554695129395
182 0.18746256828308105
183 0.22272753715515137
184 0.18587636947631836
185 0.22602510452270508
186 0.1869044303894043
187 0.17810344696044922
188 0.23220086097717285
189 0.18954873085021973
190 0.1806340217590332
191 0.18743038177490234
192 0.1837143898010254
193 0.18517160415649414
194 0.18604445457458496
195 0.18416976928710938
196 0.18306255340576172
197 0.1875596046447754
198 0.1890707015991211
199 0.18775725364685059
200 0.18627619743347168
201 0.19186806678771973
202 0.1873006820678711
203 0.1864001750946045
204 0.18686342239379883
205 0.18196702003479004
206 0.1855151653289795
207 0.18446612358093262
208 0.18586087226867676
209 0.18912315368652344
210 0.18780517578125
211 0.17936158180236816
212 0.1878187656402588
213 0.18579792976379395
214 0.18461918830871582
215 0.18418240547180176
216 0.18344521522521973
217 0.18573474884033203
218 0.19344663619995117
219 0.19162440299987793
220 0.2255265712738037
221 0.18771886825561523
222 0.18573951721191406
223 0.18189549446105957
224 0.20095586776733398
225 0.2399594783782959
226 0.2284104824066162
227 0.17653346061706543
228 0.152662992477417
229 0.16196894645690918
