1 0.3354065418243408
2 0.32334256172180176
3 0.3263206481933594
4 0.3236868381500244
5 0.31374526023864746
6 0.32358312606811523
7 0.3116483688354492
8 0.30986618995666504
9 0.3106250762939453
10 0.3729221820831299
11 0.31526637077331543
12 0.3213505744934082
13 0.30471348762512207
14 0.3146228790283203
15 0.31708335876464844
16 0.3149909973144531
17 0.3275783061981201
18 0.3163721561431885
19 0.3143172264099121
20 0.3212158679962158
21 0.3118472099304199
22 0.3069894313812256
23 0.3196392059326172
24 0.3085296154022217
25 0.3122375011444092
26 0.3129611015319824
27 0.3074986934661865
28 0.35001444816589355
29 0.3211991786956787
30 0.32646918296813965
31 0.3140830993652344
32 0.31450533866882324
33 0.31404733657836914
34 0.32320380210876465
35 0.3153221607208252
36 0.3068885803222656
37 0.31435585021972656
38 0.34918665885925293
39 0.3201131820678711
40 0.30766773223876953
41 0.31073713302612305
42 0.32353663444519043
43 0.3032093048095703
44 0.30928468704223633
45 0.31046390533447266
46 0.3241705894470215
47 0.5313606262207031
48 1.34208083152771
49 1.4519639015197754
50 1.6762635707855225
51 0.31012845039367676
52 0.32254672050476074
53 0.3183603286743164
54 0.2987551689147949
55 0.31192851066589355
56 0.31596970558166504
57 0.32326316833496094
58 0.35114574432373047
59 0.35294651985168457
60 0.3344297409057617
61 0.3314950466156006
62 0.31350231170654297
63 0.3251016139984131
64 0.31124377250671387
65 0.32620763778686523
66 0.31006908416748047
67 0.30423879623413086
68 0.302640438079834
69 0.3368418216705322
70 0.29903626441955566
71 0.31408119201660156
72 0.3116128444671631
73 0.30879688262939453
74 0.30107593536376953
75 0.3161931037902832
76 0.3389742374420166
77 0.3165884017944336
78 0.3147263526916504
79 0.3100113868713379
80 0.2994191646575928
81 0.3035433292388916
82 0.29761457443237305
83 0.3054690361022949
84 0.3042623996734619
85 0.3308842182159424
86 0.3797745704650879
87 0.3278188705444336
88 0.3062624931335449
89 0.3225240707397461
90 0.329056978225708
91 0.36618781089782715
92 0.30002546310424805
93 0.312114953994751
94 0.33447909355163574
95 0.33382201194763184
96 0.30466341972351074
97 0.3376579284667969
98 0.32352209091186523
99 0.30270814895629883
100 0.3378427028656006
101 0.297595739364624
102 0.33844709396362305
103 0.35458993911743164
104 0.32660412788391113
105 0.3639805316925049
106 0.30956435203552246
107 0.3347163200378418
108 0.3324854373931885
109 0.30873775482177734
110 0.3524665832519531
111 0.3371729850769043
112 0.33388638496398926
113 0.33275747299194336
114 0.3349437713623047
115 0.3341555595397949
116 0.29810643196105957
117 0.3259122371673584
118 0.3387460708618164
119 0.3411684036254883
120 0.33261728286743164
121 0.3311905860900879
122 0.3957383632659912
123 0.34006166458129883
124 0.35858654975891113
125 0.343963623046875
126 0.33628296852111816
127 0.34056782722473145
128 0.3616635799407959
129 0.35483431816101074
130 0.33845043182373047
131 0.34461021423339844
132 0.33600306510925293
133 0.378692626953125
134 0.3349301815032959
135 0.34525275230407715
136 0.33667469024658203
137 0.34326958656311035
138 0.3424344062805176
139 0.3876965045928955
140 0.33925843238830566
141 0.33257389068603516
142 0.3413255214691162
143 0.3395857810974121
144 0.32796716690063477
145 0.35053253173828125
146 0.3586134910583496
147 0.3411986827850342
148 0.33153486251831055
149 0.34037113189697266
150 0.33824801445007324
151 0.35418152809143066
152 0.3710479736328125
153 0.348130464553833
154 0.3354959487915039
155 0.35193538665771484
156 0.3403918743133545
157 0.34279775619506836
158 0.3513827323913574
159 0.3419809341430664
160 0.3373076915740967
161 0.3451199531555176
162 0.3498513698577881
163 0.3432626724243164
164 0.33805251121520996
165 0.37421751022338867
166 0.3617062568664551
167 0.37021422386169434
168 0.33687901496887207
169 0.3405148983001709
170 0.3367137908935547
171 0.39638257026672363
172 0.33797502517700195
173 0.3414881229400635
174 0.3389568328857422
175 0.34476494789123535
176 0.3374502658843994
177 0.34347057342529297
178 0.3318765163421631
179 0.3499886989593506
180 0.34871745109558105
181 0.34909749031066895
182 0.346447229385376
183 0.33562803268432617
184 0.35244059562683105
185 0.3799254894256592
186 0.33483290672302246
187 0.3403956890106201
188 0.33536577224731445
189 0.3508903980255127
190 0.39626455307006836
191 0.3335230350494385
192 0.33317089080810547
193 0.34133458137512207
194 0.33918213844299316
195 0.3383774757385254
196 0.34287405014038086
197 0.3422825336456299
198 0.33780360221862793
199 0.3440554141998291
200 0.33532285690307617
201 0.3664262294769287
202 0.34346437454223633
203 0.3338446617126465
204 0.33097267150878906
205 0.3032710552215576
206 0.34059834480285645
207 0.3431277275085449
208 0.33800530433654785
209 0.3316173553466797
210 0.3407423496246338
211 0.3509376049041748
212 0.3034045696258545
213 0.34391212463378906
214 0.3404576778411865
215 0.3420693874359131
216 0.3386504650115967
217 0.33895182609558105
218 0.38629579544067383
219 0.3398103713989258
220 0.3314931392669678
221 0.32216310501098633
222 0.344573974609375
223 0.33045148849487305
224 0.34085965156555176
225 0.33566951751708984
226 0.3331942558288574
227 0.34993982315063477
228 0.3888404369354248
229 0.4580719470977783
