1 0.391542911529541
2 0.40098118782043457
3 0.3965914249420166
4 0.380415678024292
5 0.3795762062072754
6 0.39278721809387207
7 0.38443756103515625
8 0.3831477165222168
9 0.3801729679107666
10 0.4009230136871338
11 0.4267857074737549
12 0.40882062911987305
13 0.38950157165527344
14 0.43695783615112305
15 0.3839142322540283
16 0.37987685203552246
17 0.3809783458709717
18 0.42214512825012207
19 0.40921592712402344
20 0.37568068504333496
21 0.38074707984924316
22 0.40792083740234375
23 0.4331836700439453
24 0.3787362575531006
25 0.38758158683776855
26 0.3921775817871094
27 0.3819901943206787
28 0.41266679763793945
29 0.40514516830444336
30 0.3779120445251465
31 0.37708187103271484
32 0.3977670669555664
33 0.43019938468933105
34 0.37712550163269043
35 0.3876078128814697
36 0.3857736587524414
37 0.4129147529602051
38 0.42244958877563477
39 0.38509154319763184
40 0.37621307373046875
41 0.3804931640625
42 0.43929362297058105
43 0.39623212814331055
44 0.3615293502807617
45 0.38297080993652344
46 0.3874530792236328
47 0.454103946685791
48 0.3810312747955322
49 0.4211697578430176
50 0.3908076286315918
51 0.3777036666870117
52 0.4296379089355469
53 0.4211602210998535
54 0.37160229682922363
55 0.3793373107910156
56 0.41962456703186035
57 0.3814659118652344
58 0.37793636322021484
59 0.3833611011505127
60 0.38678646087646484
61 0.4107778072357178
62 0.3902876377105713
63 0.39391613006591797
64 0.40341806411743164
65 0.39804887771606445
66 0.46121811866760254
67 0.37818312644958496
68 0.3881189823150635
69 0.3714594841003418
70 0.37934136390686035
71 0.43494224548339844
72 0.3719356060028076
73 0.4022707939147949
74 0.3716561794281006
75 0.4147670269012451
76 0.3851509094238281
77 0.4212062358856201
78 0.37465953826904297
79 0.38957977294921875
80 0.4301416873931885
81 0.375579833984375
82 0.3780827522277832
83 0.3606240749359131
84 0.3783884048461914
85 0.4662463665008545
86 0.37230587005615234
87 0.38408493995666504
88 0.39150571823120117
89 0.4428374767303467
90 0.4116637706756592
91 0.3793160915374756
92 0.37629246711730957
93 0.38071131706237793
94 0.44689464569091797
95 0.37293386459350586
96 0.37631750106811523
97 0.4016299247741699
98 0.4536011219024658
99 0.3993217945098877
100 0.40572357177734375
101 0.39496588706970215
102 0.3733503818511963
103 0.46214985847473145
104 0.40193819999694824
105 0.3772890567779541
106 0.40570068359375
107 0.4057176113128662
108 0.43942737579345703
109 0.4049665927886963
110 0.3874492645263672
111 0.38671112060546875
112 0.4142417907714844
113 0.45636892318725586
114 0.4097566604614258
115 0.4132051467895508
116 0.4074363708496094
117 0.40493059158325195
118 0.4231300354003906
119 0.4247901439666748
120 0.4008662700653076
121 0.41313791275024414
122 0.440626859664917
123 0.42204999923706055
124 0.41284871101379395
125 0.4050431251525879
126 0.4317500591278076
127 0.4130725860595703
128 0.4141101837158203
129 0.40909481048583984
130 0.4019618034362793
131 0.4302511215209961
132 0.4461202621459961
133 0.4065847396850586
134 0.4079136848449707
135 0.4288177490234375
136 0.4102609157562256
137 0.45708656311035156
138 0.4041893482208252
139 0.41553497314453125
140 0.42763447761535645
141 0.401003360748291
142 0.40722107887268066
143 0.4403395652770996
144 0.3870670795440674
145 0.41865086555480957
146 0.44465160369873047
147 0.41036558151245117
148 0.42211079597473145
149 0.42676663398742676
150 0.44889163970947266
151 0.4386253356933594
152 0.41265177726745605
153 0.4127516746520996
154 0.406280517578125
155 0.42447471618652344
156 0.4459400177001953
157 0.40814685821533203
158 0.39875197410583496
159 0.4095747470855713
160 0.41669273376464844
161 0.4457390308380127
162 0.4035828113555908
163 0.40466785430908203
164 0.4119260311126709
165 0.41457080841064453
166 0.48432374000549316
167 0.39786696434020996
168 0.4156982898712158
169 0.428617000579834
170 0.4444758892059326
171 0.3985114097595215
172 0.40844058990478516
173 0.43033504486083984
174 0.41064882278442383
175 0.4518013000488281
176 0.44918346405029297
177 0.4161064624786377
178 0.42634129524230957
179 0.4121534824371338
180 0.44554615020751953
181 0.44025111198425293
182 0.4033474922180176
183 0.42621731758117676
184 0.4134986400604248
185 0.4699280261993408
186 0.40961432456970215
187 0.4179363250732422
188 0.41523241996765137
189 0.45752716064453125
190 0.42704248428344727
191 0.41719627380371094
192 0.4485330581665039
193 0.42816853523254395
194 0.4447507858276367
195 0.4292185306549072
196 0.42824721336364746
197 0.43381834030151367
198 0.42585062980651855
199 0.44503235816955566
200 0.4168269634246826
201 0.43166112899780273
202 0.4393341541290283
203 0.42987918853759766
204 0.46636319160461426
205 0.40165162086486816
206 0.40815067291259766
207 0.4252138137817383
208 0.44414377212524414
209 0.43421435356140137
210 0.42868518829345703
211 0.4105658531188965
212 0.4133718013763428
213 0.4515719413757324
214 0.40656232833862305
215 0.3818063735961914
216 0.41445207595825195
217 0.4180760383605957
218 0.4558227062225342
219 0.37203216552734375
220 0.41771745681762695
221 0.41767215728759766
222 0.45951390266418457
223 0.3867037296295166
224 0.40012550354003906
225 0.40209269523620605
226 0.39821386337280273
227 0.42264676094055176
228 0.4185340404510498
229 0.6909646987915039
