1 0.7018306255340576
2 0.6894063949584961
3 0.7043623924255371
4 0.7240760326385498
5 0.7095232009887695
6 0.6946666240692139
7 0.7034554481506348
8 0.6800355911254883
9 0.7031216621398926
10 0.6957290172576904
11 0.8094775676727295
12 0.7456762790679932
13 0.6912047863006592
14 0.7035577297210693
15 0.706153154373169
16 0.688138484954834
17 0.6868674755096436
18 0.7258617877960205
19 0.6863422393798828
20 0.7112786769866943
21 0.7148635387420654
22 0.6930615901947021
23 0.6810269355773926
24 0.6912169456481934
25 0.6916329860687256
26 0.7297213077545166
27 0.7483768463134766
28 0.6965184211730957
29 0.7027015686035156
30 0.7164301872253418
31 0.6839227676391602
32 0.6972644329071045
33 0.7077364921569824
34 0.7072198390960693
35 0.7110428810119629
36 0.6992335319519043
37 0.7150301933288574
38 0.6945853233337402
39 0.7061042785644531
40 0.6931827068328857
41 0.7005209922790527
42 0.7654922008514404
43 0.698171854019165
44 0.7656099796295166
45 0.706810474395752
46 0.7607653141021729
47 0.7087955474853516
48 0.7235288619995117
49 0.6996266841888428
50 0.7196221351623535
51 0.7442140579223633
52 0.7032768726348877
53 0.7033078670501709
54 0.7435731887817383
55 0.714923620223999
56 0.8325207233428955
57 0.6971640586853027
58 0.7445571422576904
59 0.7656886577606201
60 0.7288267612457275
61 0.781947135925293
62 0.6842319965362549
63 0.6993999481201172
64 0.7184109687805176
65 0.6991050243377686
66 0.7073309421539307
67 0.7401976585388184
68 0.7141528129577637
69 0.691279411315918
70 0.7155125141143799
71 0.7138051986694336
72 0.708486795425415
73 0.693641185760498
74 0.765268087387085
75 0.7113807201385498
76 0.7531781196594238
77 0.7237405776977539
78 0.8190827369689941
79 0.7151892185211182
80 0.7254045009613037
81 0.6925833225250244
82 0.7128186225891113
83 0.7179045677185059
84 0.7375128269195557
85 0.7071478366851807
86 0.7007737159729004
87 0.7072570323944092
88 0.6971778869628906
89 0.7273552417755127
90 0.7010200023651123
91 0.7957370281219482
92 0.7143959999084473
93 0.7352015972137451
94 0.692310094833374
95 0.7698047161102295
96 0.7201247215270996
97 0.7206807136535645
98 0.7239954471588135
99 0.6956803798675537
100 0.7238941192626953
101 0.7378668785095215
102 0.7462246417999268
103 0.743257999420166
104 0.7902853488922119
105 0.7178993225097656
106 0.7121765613555908
107 0.7389416694641113
108 0.7895057201385498
109 0.711137056350708
110 0.7328813076019287
111 0.7354459762573242
112 0.7346513271331787
113 0.7318921089172363
114 0.7376060485839844
115 0.7371273040771484
116 0.7908835411071777
117 0.7158150672912598
118 0.7173516750335693
119 0.8047540187835693
120 0.7796108722686768
121 0.7818057537078857
122 0.7241854667663574
123 0.7354602813720703
124 0.7134692668914795
125 0.7265942096710205
126 0.7350466251373291
127 0.741929292678833
128 0.7230179309844971
129 0.7336616516113281
130 0.7163350582122803
131 0.7478358745574951
132 0.8013830184936523
133 0.7204947471618652
134 0.7912986278533936
135 0.7340614795684814
136 0.7202999591827393
137 0.738217830657959
138 0.7308032512664795
139 0.781036376953125
140 0.7699308395385742
141 0.7551801204681396
142 0.7376749515533447
143 0.7362511157989502
144 0.7561376094818115
145 0.7376554012298584
146 0.797112226486206
147 0.7968263626098633
148 0.7273945808410645
149 0.8028371334075928
150 0.7755246162414551
151 0.7231969833374023
152 0.7582142353057861
153 0.7488069534301758
154 0.7352375984191895
155 0.7381510734558105
156 0.778754711151123
157 0.7593903541564941
158 0.7423975467681885
159 0.7669417858123779
160 0.8160531520843506
161 0.7485091686248779
162 0.7463564872741699
163 0.7370014190673828
164 0.7809219360351562
165 0.749239444732666
166 0.7243130207061768
167 0.7345061302185059
168 0.7483220100402832
169 0.7475647926330566
170 0.7434291839599609
171 0.7238101959228516
172 0.7390191555023193
173 0.7704641819000244
174 0.7565329074859619
175 0.7875354290008545
176 0.7432041168212891
177 0.7975273132324219
178 0.8036472797393799
179 0.7842106819152832
180 0.7258665561676025
181 0.7671480178833008
182 0.7398486137390137
183 0.7373628616333008
184 0.7486743927001953
185 0.7429373264312744
186 0.7796616554260254
187 0.7430062294006348
188 0.7280046939849854
189 0.7669582366943359
190 0.7441356182098389
191 0.7552270889282227
192 0.7371060848236084
193 0.7520058155059814
194 0.7924847602844238
195 0.7302665710449219
196 0.8032646179199219
197 0.745185375213623
198 0.8146345615386963
199 0.7408401966094971
200 0.7455735206604004
201 0.746929407119751
202 0.7428297996520996
203 0.7451171875
204 0.7340521812438965
205 0.7374062538146973
206 0.731043815612793
207 0.7308788299560547
208 0.7270712852478027
209 0.8127367496490479
210 0.757439374923706
211 0.786175012588501
212 0.7211840152740479
213 0.8043789863586426
214 0.7257952690124512
215 0.7752015590667725
216 0.7448863983154297
217 0.7414765357971191
218 0.7416579723358154
219 0.7388684749603271
220 0.7292616367340088
221 0.7557003498077393
222 0.7720704078674316
223 0.7487318515777588
224 0.7455134391784668
225 0.7426280975341797
226 0.7778148651123047
227 0.7243783473968506
228 0.818195104598999
