1 0.489865779876709
2 0.45828866958618164
3 0.473294734954834
4 0.4859001636505127
5 0.4935908317565918
6 0.47342514991760254
7 0.518049955368042
8 0.47016453742980957
9 0.47398972511291504
10 0.4760465621948242
11 0.5148706436157227
12 0.48268961906433105
13 0.4806218147277832
14 0.4765002727508545
15 0.5666403770446777
16 0.4922165870666504
17 0.4724085330963135
18 0.47734570503234863
19 0.5382027626037598
20 0.4737589359283447
21 0.46341800689697266
22 0.5189604759216309
23 0.5338056087493896
24 0.5324335098266602
25 0.4627988338470459
26 0.4703860282897949
27 0.5314426422119141
28 0.4676084518432617
29 0.4736309051513672
30 0.5035433769226074
31 0.535137414932251
32 0.46553468704223633
33 0.4728996753692627
34 0.4643523693084717
35 0.5355589389801025
36 0.4732179641723633
37 0.4712076187133789
38 0.46961545944213867
39 0.5172898769378662
40 0.4662446975708008
41 0.4887697696685791
42 0.4733736515045166
43 0.5326440334320068
44 0.4621257781982422
45 0.4855940341949463
46 0.4779508113861084
47 0.7366495132446289
48 2.821162223815918
49 2.835933208465576
50 3.8600776195526123
51 0.4886929988861084
52 0.518606424331665
53 0.47669315338134766
54 0.45649194717407227
55 0.4506814479827881
56 0.516303539276123
57 0.47451329231262207
58 0.5146288871765137
59 0.46251726150512695
60 0.536395788192749
61 0.47325825691223145
62 0.47055935859680176
63 0.4623277187347412
64 0.5110874176025391
65 0.4740257263183594
66 0.4695315361022949
67 0.4655494689941406
68 0.5364296436309814
69 0.4863300323486328
70 0.47063112258911133
71 0.4588284492492676
72 0.5065028667449951
73 0.47867918014526367
74 0.4670379161834717
75 0.48732614517211914
76 0.5385315418243408
77 0.45366501808166504
78 0.4905357360839844
79 0.46133971214294434
80 0.527846097946167
81 0.4855160713195801
82 0.45831799507141113
83 0.4934422969818115
84 0.5293142795562744
85 0.5009315013885498
86 0.4821598529815674
87 0.49191975593566895
88 0.4963202476501465
89 0.5006120204925537
90 0.47010016441345215
91 0.46364879608154297
92 0.5502901077270508
93 0.46233129501342773
94 0.5124680995941162
95 0.4619719982147217
96 0.5573210716247559
97 0.49628186225891113
98 0.4718058109283447
99 0.47328996658325195
100 0.5519444942474365
101 0.5145716667175293
102 0.4994943141937256
103 0.5002045631408691
104 0.5163345336914062
105 0.5037915706634521
106 0.4920220375061035
107 0.49338412284851074
108 0.5465073585510254
109 0.5338060855865479
110 0.49636125564575195
111 0.49619603157043457
112 0.5449926853179932
113 0.49779844284057617
114 0.48755884170532227
115 0.48867273330688477
116 0.5435125827789307
117 0.5004990100860596
118 0.49131274223327637
119 0.4911315441131592
120 0.5513169765472412
121 0.504997968673706
122 0.508476734161377
123 0.4961094856262207
124 0.5506160259246826
125 0.4871833324432373
126 0.4999825954437256
127 0.5079913139343262
128 0.5446476936340332
129 0.5073461532592773
130 0.4982450008392334
131 0.4919290542602539
132 0.5556461811065674
133 0.4978959560394287
134 0.49334716796875
135 0.5123577117919922
136 0.5282375812530518
137 0.49016571044921875
138 0.5079774856567383
139 0.5046601295471191
140 0.5740580558776855
141 0.48456716537475586
142 0.5031311511993408
143 0.49350690841674805
144 0.5464401245117188
145 0.5745625495910645
146 0.4917919635772705
147 0.5351710319519043
148 0.5552420616149902
149 0.5021390914916992
150 0.4993159770965576
151 0.4904160499572754
152 0.5475995540618896
153 0.4902324676513672
154 0.5060336589813232
155 0.5540177822113037
156 0.5485525131225586
157 0.5158231258392334
158 0.5105760097503662
159 0.492966890335083
160 0.5716476440429688
161 0.52541184425354
162 0.49332714080810547
163 0.4986875057220459
164 0.5385053157806396
165 0.5272185802459717
166 0.5948891639709473
167 0.5126535892486572
168 0.5482234954833984
169 0.5020124912261963
170 0.566420316696167
171 0.509218692779541
172 0.5872905254364014
173 0.507714033126831
174 0.4855222702026367
175 0.49181389808654785
176 0.539708137512207
177 0.512239933013916
178 0.4975564479827881
179 0.49471187591552734
180 0.5673038959503174
181 0.49297308921813965
182 0.5047845840454102
183 0.5022261142730713
184 0.538362979888916
185 0.49573206901550293
186 0.5051512718200684
187 0.5011711120605469
188 0.5745954513549805
189 0.5098428726196289
190 0.5153424739837646
191 0.5052750110626221
192 0.5546200275421143
193 0.525475263595581
194 0.5267391204833984
195 0.5038301944732666
196 0.590219259262085
197 0.5004251003265381
198 0.5456337928771973
199 0.4978499412536621
200 0.5379974842071533
201 0.5037286281585693
202 0.5138852596282959
203 0.53230881690979
204 0.5516448020935059
205 0.49030542373657227
206 0.5137612819671631
207 0.5101280212402344
208 0.5384316444396973
209 0.5147781372070312
210 0.5089237689971924
211 0.5235188007354736
212 0.6028850078582764
213 0.5304398536682129
214 0.5106532573699951
215 0.5015778541564941
216 0.5304772853851318
217 0.4983179569244385
218 0.49860382080078125
219 0.5032145977020264
220 0.5515682697296143
221 0.4933345317840576
222 0.496661901473999
223 0.49910688400268555
224 0.5485837459564209
225 0.5277829170227051
226 0.5039973258972168
227 0.5086679458618164
228 0.5025844573974609
229 0.5923688411712646
