1 0.4419429302215576
2 0.41475510597229004
3 0.42229151725769043
4 0.4489254951477051
5 0.4244680404663086
6 0.47858333587646484
7 0.4314451217651367
8 0.42088818550109863
9 0.47183775901794434
10 0.4134507179260254
11 0.4204683303833008
12 0.413621187210083
13 0.418393611907959
14 0.4755702018737793
15 0.4304466247558594
16 0.41976118087768555
17 0.41088271141052246
18 0.45401453971862793
19 0.4254465103149414
20 0.4145026206970215
21 0.42446208000183105
22 0.4141223430633545
23 0.4438488483428955
24 0.4420504570007324
25 0.47054100036621094
26 0.4168879985809326
27 0.41370511054992676
28 0.43379878997802734
29 0.41227126121520996
30 0.41812849044799805
31 0.42762255668640137
32 0.4480020999908447
33 0.42374753952026367
34 0.42370080947875977
35 0.4200015068054199
36 0.41920042037963867
37 0.44725632667541504
38 0.4274861812591553
39 0.4217650890350342
40 0.4268765449523926
41 0.42524266242980957
42 0.49626731872558594
43 0.46274614334106445
44 0.4441843032836914
45 0.4249851703643799
46 0.4333343505859375
47 0.4415006637573242
48 0.41204094886779785
49 0.41281890869140625
50 0.42440223693847656
51 0.41634416580200195
52 0.44386744499206543
53 0.4123814105987549
54 0.4056708812713623
55 0.405834436416626
56 0.405320405960083
57 0.44551897048950195
58 0.4020850658416748
59 0.4236016273498535
60 0.41669631004333496
61 0.44621801376342773
62 0.49569153785705566
63 0.4597787857055664
64 0.41850972175598145
65 0.40666866302490234
66 0.42800354957580566
67 0.4608035087585449
68 0.4151449203491211
69 0.4240756034851074
70 0.4248323440551758
71 0.46189403533935547
72 0.41771793365478516
73 0.4177134037017822
74 0.4192214012145996
75 0.4196133613586426
76 0.47226619720458984
77 0.40574216842651367
78 0.41052889823913574
79 0.45702576637268066
80 0.4733548164367676
81 0.4951331615447998
82 0.47062253952026367
83 0.43016982078552246
84 0.4153456687927246
85 0.42163968086242676
86 0.4779932498931885
87 0.4348757266998291
88 0.429124116897583
89 0.4088435173034668
90 0.44051456451416016
91 0.4622321128845215
92 0.40738368034362793
93 0.40842175483703613
94 0.40522336959838867
95 0.444690465927124
96 0.4298057556152344
97 0.436476469039917
98 0.4108448028564453
99 0.45453429222106934
100 0.5088388919830322
101 0.47539234161376953
102 0.4573171138763428
103 0.41078948974609375
104 0.40971875190734863
105 0.450786828994751
106 0.4434077739715576
107 0.42676806449890137
108 0.44658565521240234
109 0.44208431243896484
110 0.4712955951690674
111 0.4676957130432129
112 0.3974790573120117
113 0.43460988998413086
114 0.3985593318939209
115 0.518646240234375
116 0.43570518493652344
117 0.45032238960266113
118 0.49497509002685547
119 0.5323691368103027
120 0.501434326171875
121 0.49366068840026855
122 0.44264793395996094
123 0.4422030448913574
124 0.4748401641845703
125 0.44814419746398926
126 0.43665218353271484
127 0.4651377201080322
128 0.44634151458740234
129 0.4738917350769043
130 0.44650840759277344
131 0.46996045112609863
132 0.4517209529876709
133 0.4680478572845459
134 0.5155141353607178
135 0.44370317459106445
136 0.44988036155700684
137 0.49985480308532715
138 0.5378670692443848
139 0.5125110149383545
140 0.4992105960845947
141 0.4447329044342041
142 0.46238183975219727
143 0.48075103759765625
144 0.4394853115081787
145 0.478147029876709
146 0.4495530128479004
147 0.44873738288879395
148 0.4779491424560547
149 0.46688032150268555
150 0.4490683078765869
151 0.4460413455963135
152 0.4487788677215576
153 0.4931156635284424
154 0.458143949508667
155 0.4787018299102783
156 0.4878652095794678
157 0.523726224899292
158 0.48761582374572754
159 0.49056410789489746
160 0.4569094181060791
161 0.45516085624694824
162 0.47872424125671387
163 0.47396016120910645
164 0.4385089874267578
165 0.4510345458984375
166 0.44382643699645996
167 0.47945570945739746
168 0.44420886039733887
169 0.44939732551574707
170 0.4469261169433594
171 0.45775461196899414
172 0.5087709426879883
173 0.4387800693511963
174 0.4891660213470459
175 0.48410749435424805
176 0.4851112365722656
177 0.4971168041229248
178 0.5060281753540039
179 0.4639251232147217
180 0.43621826171875
181 0.4390130043029785
182 0.47126030921936035
183 0.44008970260620117
184 0.4502997398376465
185 0.44269347190856934
186 0.44725847244262695
187 0.5072269439697266
188 0.4522740840911865
189 0.4409794807434082
190 0.488922119140625
191 0.47074437141418457
192 0.48835158348083496
193 0.4420006275177002
194 0.4909689426422119
195 0.49454498291015625
196 0.5371487140655518
197 0.4411051273345947
198 0.44446587562561035
199 0.4425528049468994
200 0.45732736587524414
201 0.48336029052734375
202 0.4412987232208252
203 0.47663092613220215
204 0.4586961269378662
205 0.4895052909851074
206 0.4697136878967285
207 0.4499945640563965
208 0.49803590774536133
209 0.46294713020324707
210 0.48183131217956543
211 0.4572937488555908
212 0.47728443145751953
213 0.485858678817749
214 0.4896876811981201
215 0.5209493637084961
216 0.43697023391723633
217 0.44556140899658203
218 0.4364790916442871
219 0.45514941215515137
220 0.4827115535736084
221 0.43582725524902344
222 0.451993465423584
223 0.46366357803344727
224 0.4703092575073242
225 0.4568362236022949
226 0.4363722801208496
227 0.46062374114990234
228 0.526425838470459
