1 0.24944233894348145
2 0.2186603546142578
3 0.23193645477294922
4 0.18926715850830078
5 0.18347859382629395
6 0.19919395446777344
7 0.178574800491333
8 0.18058109283447266
9 0.23775792121887207
10 0.22266888618469238
11 0.21889948844909668
12 0.2579190731048584
13 0.17491388320922852
14 0.21299982070922852
15 0.17433428764343262
16 0.23020648956298828
17 0.21318721771240234
18 0.1953725814819336
19 0.2160944938659668
20 0.23300719261169434
21 0.20719361305236816
22 0.18072080612182617
23 0.17996454238891602
24 0.19650816917419434
25 0.20660400390625
26 0.17735505104064941
27 0.175184965133667
28 0.21598458290100098
29 0.18056941032409668
30 0.17322254180908203
31 0.176314115524292
32 0.17642927169799805
33 0.17683196067810059
34 0.17940473556518555
35 0.17236900329589844
36 0.1897716522216797
37 0.17531776428222656
38 0.178236722946167
39 0.18078851699829102
40 0.19980692863464355
41 0.18077325820922852
42 0.1787254810333252
43 0.18300366401672363
44 0.20921635627746582
45 0.1736600399017334
46 0.17603135108947754
47 0.18365049362182617
48 0.17302322387695312
49 0.1914079189300537
50 0.18155169486999512
51 0.17258882522583008
52 0.17918157577514648
53 0.1785907745361328
54 0.2190845012664795
55 0.17388916015625
56 0.17155098915100098
57 0.17574119567871094
58 0.2256913185119629
59 0.1820363998413086
60 0.2133159637451172
61 0.18092751502990723
62 0.1779940128326416
63 0.18168997764587402
64 0.21364402770996094
65 0.23140788078308105
66 0.17852401733398438
67 0.18037939071655273
68 0.1830136775970459
69 0.18125295639038086
70 0.17372512817382812
71 0.17818212509155273
72 0.2136678695678711
73 0.1770188808441162
74 0.17798709869384766
75 0.1810474395751953
76 0.1831669807434082
77 0.1832139492034912
78 0.17995595932006836
79 0.1764829158782959
80 0.1813201904296875
81 0.17682957649230957
82 0.1810152530670166
83 0.17597222328186035
84 0.1749587059020996
85 0.17274093627929688
86 0.1794893741607666
87 0.17989253997802734
88 0.17509174346923828
89 0.1781606674194336
90 0.18169355392456055
91 0.2145702838897705
92 0.18747162818908691
93 0.18166589736938477
94 0.17815613746643066
95 0.17593717575073242
96 0.1793806552886963
97 0.17961406707763672
98 0.185103178024292
99 0.242966890335083
100 0.17669296264648438
101 0.2217116355895996
102 0.20813989639282227
103 0.1813662052154541
104 0.17848920822143555
105 0.18100714683532715
106 0.1799452304840088
107 0.19020366668701172
108 0.17495489120483398
109 0.17635226249694824
110 0.17949771881103516
111 0.18061184883117676
112 0.17644858360290527
113 0.17490434646606445
114 0.1777031421661377
115 0.17707490921020508
116 0.1806943416595459
117 0.1799604892730713
118 0.18018436431884766
119 0.1767721176147461
120 0.1892712116241455
121 0.21685075759887695
122 0.17560625076293945
123 0.17693519592285156
124 0.1909472942352295
125 0.17967653274536133
126 0.21661162376403809
127 0.2871391773223877
128 0.18299508094787598
129 0.17889618873596191
130 0.180952787399292
131 0.18074488639831543
132 0.17899370193481445
133 0.18196320533752441
134 0.17610645294189453
135 0.17966198921203613
136 0.17745089530944824
137 0.17653870582580566
138 0.17535901069641113
139 0.1770181655883789
140 0.18068885803222656
141 0.17811059951782227
142 0.17516827583312988
143 0.20101189613342285
144 0.17791414260864258
145 0.1761775016784668
146 0.1860826015472412
147 0.1806044578552246
148 0.18724632263183594
149 0.21603608131408691
150 0.1826789379119873
151 0.19059395790100098
152 0.17978978157043457
153 0.18092727661132812
154 0.18143987655639648
155 0.17946624755859375
156 0.18069696426391602
157 0.1850907802581787
158 0.1781458854675293
159 0.17974591255187988
160 0.17986130714416504
161 0.2163066864013672
162 0.1856071949005127
163 0.2219374179840088
164 0.19182419776916504
165 0.17842555046081543
166 0.17550158500671387
167 0.17779231071472168
168 0.18322062492370605
169 0.1764054298400879
170 0.1799626350402832
171 0.17948269844055176
172 0.17890453338623047
173 0.20871281623840332
174 0.1812729835510254
175 0.1742231845855713
176 0.27627134323120117
177 0.19674444198608398
178 0.1814568042755127
179 0.1772768497467041
180 0.17840123176574707
181 0.18158411979675293
182 0.18207979202270508
183 0.21844124794006348
184 0.1846611499786377
185 0.2252640724182129
186 0.18645358085632324
187 0.1800680160522461
188 0.18084073066711426
189 0.178694486618042
190 0.17789244651794434
191 0.17923450469970703
192 0.18203258514404297
193 0.1759786605834961
194 0.17894792556762695
195 0.21808099746704102
196 0.2220005989074707
197 0.2183520793914795
198 0.1782844066619873
199 0.20098590850830078
200 0.1826930046081543
201 0.18212342262268066
202 0.18192505836486816
203 0.17748379707336426
204 0.1869065761566162
205 0.1807265281677246
206 0.1792280673980713
207 0.17501425743103027
208 0.1918938159942627
209 0.18262434005737305
210 0.1911628246307373
211 0.17464303970336914
212 0.1811692714691162
213 0.18620967864990234
214 0.2192096710205078
215 0.17510032653808594
216 0.17931461334228516
217 0.1811237335205078
218 0.18241310119628906
219 0.1808791160583496
220 0.18378090858459473
221 0.2473282814025879
222 0.22696995735168457
223 0.17989897727966309
224 0.18053746223449707
225 0.1942756175994873
226 0.1803123950958252
227 0.14915704727172852
228 0.14878487586975098
229 0.14242291450500488
