1 0.25070929527282715
2 0.23789167404174805
3 0.23625540733337402
4 0.2423996925354004
5 0.29741978645324707
6 0.2522087097167969
7 0.23898839950561523
8 0.24158453941345215
9 0.2438492774963379
10 0.24245095252990723
11 0.28002309799194336
12 0.27196669578552246
13 0.2470874786376953
14 0.24065041542053223
15 0.24297690391540527
16 0.23850011825561523
17 0.2453136444091797
18 0.231614351272583
19 0.24109768867492676
20 0.24074125289916992
21 0.2588067054748535
22 0.23707079887390137
23 0.24758315086364746
24 0.2384934425354004
25 0.233245849609375
26 0.23441743850708008
27 0.2974734306335449
28 0.2402346134185791
29 0.23047876358032227
30 0.22736048698425293
31 0.23655438423156738
32 0.23098278045654297
33 0.2403731346130371
34 0.23455047607421875
35 0.24274206161499023
36 0.2592132091522217
37 0.23757624626159668
38 0.23867535591125488
39 0.23791027069091797
40 0.23485875129699707
41 0.24330854415893555
42 0.24313950538635254
43 0.23250174522399902
44 0.23202061653137207
45 0.23208379745483398
46 0.22080707550048828
47 0.325101375579834
48 0.7921583652496338
49 0.76119065284729
50 0.5488698482513428
51 0.2722606658935547
52 0.2335820198059082
53 0.2374718189239502
54 0.22174477577209473
55 0.2486429214477539
56 0.23292255401611328
57 0.26238417625427246
58 0.23745965957641602
59 0.2860591411590576
60 0.22231626510620117
61 0.22699999809265137
62 0.22461915016174316
63 0.2593376636505127
64 0.2526557445526123
65 0.24328827857971191
66 0.24685215950012207
67 0.236893892288208
68 0.22985363006591797
69 0.23316240310668945
70 0.23401427268981934
71 0.3116598129272461
72 0.23282170295715332
73 0.2535855770111084
74 0.23905539512634277
75 0.23375701904296875
76 0.23683714866638184
77 0.24138998985290527
78 0.24978137016296387
79 0.22552227973937988
80 0.264301061630249
81 0.27572202682495117
82 0.26312732696533203
83 0.2643134593963623
84 0.267472505569458
85 0.24568963050842285
86 0.22716164588928223
87 0.2683141231536865
88 0.22295618057250977
89 0.23780083656311035
90 0.23842716217041016
91 0.2524094581604004
92 0.25275135040283203
93 0.23139595985412598
94 0.25998425483703613
95 0.22624850273132324
96 0.27231740951538086
97 0.22812938690185547
98 0.2743825912475586
99 0.2533249855041504
100 0.2372734546661377
101 0.2274932861328125
102 0.22860455513000488
103 0.2574615478515625
104 0.272963285446167
105 0.2572062015533447
106 0.2655048370361328
107 0.28182339668273926
108 0.27234554290771484
109 0.2298603057861328
110 0.22154974937438965
111 0.2625153064727783
112 0.2409074306488037
113 0.22591662406921387
114 0.26934027671813965
115 0.268233060836792
116 0.27078700065612793
117 0.32969045639038086
118 0.22862744331359863
119 0.3054342269897461
120 0.2545027732849121
121 0.2928507328033447
122 0.2680084705352783
123 0.2944350242614746
124 0.2326960563659668
125 0.2679760456085205
126 0.26882290840148926
127 0.22675323486328125
128 0.26688265800476074
129 0.3094902038574219
130 0.27524566650390625
131 0.28336620330810547
132 0.27243638038635254
133 0.2639501094818115
134 0.26004624366760254
135 0.29308152198791504
136 0.25812339782714844
137 0.2619292736053467
138 0.2917459011077881
139 0.31308722496032715
140 0.2643861770629883
141 0.29993247985839844
142 0.23041677474975586
143 0.30747485160827637
144 0.2785990238189697
145 0.2529149055480957
146 0.3097395896911621
147 0.287311315536499
148 0.26251673698425293
149 0.3079550266265869
150 0.2691643238067627
151 0.26414036750793457
152 0.3089938163757324
153 0.28938817977905273
154 0.2639641761779785
155 0.3121068477630615
156 0.2465224266052246
157 0.26223325729370117
158 0.2927711009979248
159 0.2885398864746094
160 0.2657124996185303
161 0.2778029441833496
162 0.23378658294677734
163 0.2731056213378906
164 0.2690291404724121
165 0.3094654083251953
166 0.24015593528747559
167 0.26660895347595215
168 0.3174293041229248
169 0.2859208583831787
170 0.30664515495300293
171 0.26898694038391113
172 0.25258588790893555
173 0.2658693790435791
174 0.2688291072845459
175 0.2647368907928467
176 0.25711750984191895
177 0.29842519760131836
178 0.26466941833496094
179 0.3082292079925537
180 0.28646206855773926
181 0.2554340362548828
182 0.30378031730651855
183 0.3554723262786865
184 0.26053333282470703
185 0.3045482635498047
186 0.2968406677246094
187 0.23944616317749023
188 0.33414125442504883
189 0.2626769542694092
190 0.27248239517211914
191 0.309617280960083
192 0.292621374130249
193 0.29300761222839355
194 0.31484293937683105
195 0.2932319641113281
196 0.2586503028869629
197 0.26238012313842773
198 0.2700986862182617
199 0.2363872528076172
200 0.25676703453063965
201 0.29822611808776855
202 0.22782063484191895
203 0.25804972648620605
204 0.27921104431152344
205 0.31319093704223633
206 0.3067917823791504
207 0.26840877532958984
208 0.2974250316619873
209 0.22552943229675293
210 0.28691959381103516
211 0.26319050788879395
212 0.26396799087524414
213 0.2593107223510742
214 0.29839062690734863
215 0.29265403747558594
216 0.2714509963989258
217 0.2658727169036865
218 0.29847288131713867
219 0.254091739654541
220 0.26604604721069336
221 0.22518253326416016
222 0.26570963859558105
223 0.24560189247131348
224 0.22935771942138672
225 0.29026246070861816
226 0.27350306510925293
227 0.33112549781799316
228 0.2579152584075928
229 0.2820582389831543
