1 0.23275113105773926
2 0.22371196746826172
3 0.2214202880859375
4 0.22681951522827148
5 0.21774959564208984
6 0.21814441680908203
7 0.2672555446624756
8 0.2189037799835205
9 0.22011852264404297
10 0.2247006893157959
11 0.2177579402923584
12 0.2341289520263672
13 0.23036646842956543
14 0.22094225883483887
15 0.23493742942810059
16 0.21914315223693848
17 0.2238447666168213
18 0.22077584266662598
19 0.2191767692565918
20 0.21436476707458496
21 0.21869301795959473
22 0.21840810775756836
23 0.21396780014038086
24 0.22681474685668945
25 0.22191381454467773
26 0.2646505832672119
27 0.26573729515075684
28 0.22527766227722168
29 0.2689213752746582
30 0.21720266342163086
31 0.24897360801696777
32 0.22035503387451172
33 0.25351691246032715
34 0.2205514907836914
35 0.2187213897705078
36 0.22437715530395508
37 0.21158075332641602
38 0.21160626411437988
39 0.22693920135498047
40 0.21356964111328125
41 0.21388816833496094
42 0.21743464469909668
43 0.21033477783203125
44 0.22195863723754883
45 0.22107672691345215
46 0.21273112297058105
47 0.2532825469970703
48 0.2584538459777832
49 0.2546846866607666
50 0.21856999397277832
51 0.2612433433532715
52 0.2225816249847412
53 0.25154876708984375
54 0.2106022834777832
55 0.21396255493164062
56 0.233717679977417
57 0.20795416831970215
58 0.21487951278686523
59 0.2243506908416748
60 0.21898961067199707
61 0.2101292610168457
62 0.21616673469543457
63 0.2218494415283203
64 0.2187519073486328
65 0.21558094024658203
66 0.2188119888305664
67 0.21735501289367676
68 0.24997878074645996
69 0.25277018547058105
70 0.2615549564361572
71 0.26735734939575195
72 0.2647228240966797
73 0.21945810317993164
74 0.20579862594604492
75 0.2660231590270996
76 0.22098922729492188
77 0.22279715538024902
78 0.21236824989318848
79 0.21551156044006348
80 0.22149205207824707
81 0.23967862129211426
82 0.21806764602661133
83 0.22137212753295898
84 0.21996307373046875
85 0.20510244369506836
86 0.2124652862548828
87 0.2051093578338623
88 0.21398305892944336
89 0.24969244003295898
90 0.2585563659667969
91 0.25588440895080566
92 0.2685863971710205
93 0.27007484436035156
94 0.2595219612121582
95 0.26683592796325684
96 0.2501988410949707
97 0.212874174118042
98 0.21789240837097168
99 0.21611475944519043
100 0.21211934089660645
101 0.23438429832458496
102 0.2103421688079834
103 0.21808290481567383
104 0.20943951606750488
105 0.21259665489196777
106 0.23752665519714355
107 0.2385871410369873
108 0.21482300758361816
109 0.2225339412689209
110 0.268998384475708
111 0.2780897617340088
112 0.2972128391265869
113 0.2552318572998047
114 0.2904975414276123
115 0.25890517234802246
116 0.25107884407043457
117 0.2887301445007324
118 0.258894681930542
119 0.2165210247039795
120 0.25129222869873047
121 0.24339675903320312
122 0.2528676986694336
123 0.21460509300231934
124 0.20676541328430176
125 0.25226306915283203
126 0.20456337928771973
127 0.28710150718688965
128 0.2457258701324463
129 0.20606231689453125
130 0.21001648902893066
131 0.26212263107299805
132 0.24875640869140625
133 0.26200366020202637
134 0.3005974292755127
135 0.2402479648590088
136 0.2888171672821045
137 0.24862217903137207
138 0.2147352695465088
139 0.28934669494628906
140 0.2471752166748047
141 0.2945539951324463
142 0.246415376663208
143 0.20999503135681152
144 0.2114400863647461
145 0.26558709144592285
146 0.20879554748535156
147 0.20449566841125488
148 0.24117040634155273
149 0.2459561824798584
150 0.22380471229553223
151 0.2047882080078125
152 0.30204057693481445
153 0.3039424419403076
154 0.25983452796936035
155 0.24547195434570312
156 0.29295897483825684
157 0.2865335941314697
158 0.2944815158843994
159 0.2891576290130615
160 0.25417041778564453
161 0.25046563148498535
162 0.29196596145629883
163 0.21735477447509766
164 0.23106646537780762
165 0.20488524436950684
166 0.25072431564331055
167 0.24808335304260254
168 0.2711458206176758
169 0.23276519775390625
170 0.21936798095703125
171 0.24214386940002441
172 0.3007080554962158
173 0.258281946182251
174 0.25118303298950195
175 0.29067087173461914
176 0.25272488594055176
177 0.24825716018676758
178 0.2812013626098633
179 0.28854918479919434
180 0.2643911838531494
181 0.24524617195129395
182 0.24942493438720703
183 0.20834946632385254
184 0.2570817470550537
185 0.23049044609069824
186 0.2875542640686035
187 0.26270294189453125
188 0.24779772758483887
189 0.21424102783203125
190 0.24554800987243652
191 0.3136434555053711
192 0.24895811080932617
193 0.28923964500427246
194 0.25530433654785156
195 0.24825167655944824
196 0.2932898998260498
197 0.2888457775115967
198 0.2918531894683838
199 0.2305312156677246
200 0.2490842342376709
201 0.2542858123779297
202 0.26892662048339844
203 0.3362126350402832
204 0.2518496513366699
205 0.2522609233856201
206 0.2523036003112793
207 0.2689023017883301
208 0.26693272590637207
209 0.2496039867401123
210 0.286806583404541
211 0.24774885177612305
212 0.24382853507995605
213 0.2471480369567871
214 0.2662031650543213
215 0.20704102516174316
216 0.20673179626464844
217 0.2662789821624756
218 0.25373196601867676
219 0.22492671012878418
220 0.20825982093811035
221 0.2877504825592041
222 0.2713487148284912
223 0.25823092460632324
224 0.2138221263885498
225 0.2902987003326416
226 0.25253915786743164
227 0.22120928764343262
228 0.21084117889404297
229 0.2984471321105957
