1 2.549574613571167
2 0.8507869243621826
3 0.9254469871520996
4 0.8776092529296875
5 0.8922522068023682
6 0.8986406326293945
7 0.8524243831634521
8 0.8840396404266357
9 0.8824484348297119
10 0.8991389274597168
11 0.901862621307373
12 0.8830010890960693
13 0.9161505699157715
14 0.8945367336273193
15 0.896674633026123
16 0.9299664497375488
17 0.8585882186889648
18 0.9812462329864502
19 0.8979368209838867
20 0.9013729095458984
21 0.9002265930175781
22 0.8864989280700684
23 0.8931195735931396
24 0.9423224925994873
25 0.9503505229949951
26 0.9077005386352539
27 0.8572711944580078
28 0.8579246997833252
29 0.8598387241363525
30 0.881535530090332
31 0.8775770664215088
32 0.9118471145629883
33 0.887854814529419
34 0.8910331726074219
35 0.8561389446258545
36 0.8562474250793457
37 0.8997437953948975
38 0.8913843631744385
39 0.9444348812103271
40 0.9005920886993408
41 0.9251267910003662
42 0.9235179424285889
43 1.0133404731750488
44 0.9474098682403564
45 0.8772990703582764
46 0.8942594528198242
47 0.8819482326507568
48 0.8567941188812256
49 0.88427734375
50 0.8857204914093018
51 0.8944299221038818
52 0.8950705528259277
53 0.8764159679412842
54 0.8946406841278076
55 0.8414068222045898
56 0.8407950401306152
57 0.9295167922973633
58 0.9136443138122559
59 0.9252426624298096
60 0.9010851383209229
61 0.9159336090087891
62 1.0237298011779785
63 0.9360394477844238
64 0.8745248317718506
65 0.9188330173492432
66 0.8869998455047607
67 0.8610799312591553
68 0.8881101608276367
69 0.8906290531158447
70 0.8618159294128418
71 0.9074335098266602
72 0.8942849636077881
73 0.8850464820861816
74 0.8883070945739746
75 0.967512845993042
76 0.8372762203216553
77 0.8975815773010254
78 0.8839423656463623
79 0.9805548191070557
80 0.9096763134002686
81 0.9268710613250732
82 0.9392707347869873
83 0.888700008392334
84 0.8829388618469238
85 0.908627986907959
86 0.9020311832427979
87 0.87284255027771
88 0.8884098529815674
89 0.9089970588684082
90 0.8972845077514648
91 0.8950037956237793
92 0.8831875324249268
93 0.865833044052124
94 0.9677712917327881
95 0.9100699424743652
96 0.9813206195831299
97 0.8963239192962646
98 0.9077317714691162
99 0.9320898056030273
100 0.9566972255706787
101 0.9271492958068848
102 0.9131584167480469
103 0.8857359886169434
104 0.9095621109008789
105 0.8850679397583008
106 0.8773257732391357
107 0.9071581363677979
108 0.9073383808135986
109 0.8427281379699707
110 0.8888070583343506
111 0.8979129791259766
112 0.9679880142211914
113 0.9127123355865479
114 0.9843409061431885
115 0.920767068862915
116 0.9450774192810059
117 0.9822709560394287
118 0.9775099754333496
119 1.037842035293579
120 0.9377586841583252
121 0.9146883487701416
122 0.9438996315002441
123 0.9237322807312012
124 0.9325046539306641
125 0.8667254447937012
126 0.8851592540740967
127 0.918179988861084
128 0.9320816993713379
129 0.9277157783508301
130 0.9319722652435303
131 0.9568641185760498
132 0.9279720783233643
133 0.9406073093414307
134 1.0082952976226807
135 0.9359908103942871
136 1.0570154190063477
137 0.9849717617034912
138 0.9808664321899414
139 0.9224028587341309
140 0.9898514747619629
141 0.9655060768127441
142 0.9190585613250732
143 0.9482686519622803
144 0.9308555126190186
145 0.8902692794799805
146 0.897524356842041
147 0.9278953075408936
148 0.9549858570098877
149 0.9165823459625244
150 0.9039590358734131
151 0.9812963008880615
152 0.9880452156066895
153 0.991701602935791
154 0.9670617580413818
155 1.0211012363433838
156 0.9585597515106201
157 0.953068733215332
158 0.9214177131652832
159 0.9448451995849609
160 0.9339869022369385
161 0.9459865093231201
162 0.9479796886444092
163 0.9255876541137695
164 0.8974528312683105
165 0.9167995452880859
166 0.9203131198883057
167 0.9774582386016846
168 0.9552509784698486
169 0.9390506744384766
170 0.9834749698638916
171 0.9438626766204834
172 0.9634582996368408
173 0.9722399711608887
174 0.9735138416290283
175 0.9811975955963135
176 0.9495885372161865
177 0.953902006149292
178 0.9270613193511963
179 0.9374535083770752
180 0.967299222946167
181 0.9413330554962158
182 0.9222097396850586
183 0.8931550979614258
184 0.9090909957885742
185 0.9081346988677979
186 0.9216291904449463
187 0.9855730533599854
188 0.9108612537384033
189 1.0045762062072754
190 0.9093263149261475
191 1.0356247425079346
192 0.9681680202484131
193 0.9665243625640869
194 0.9696791172027588
195 1.0199553966522217
196 0.9338231086730957
197 0.9212617874145508
198 0.9553461074829102
199 0.942039966583252
200 0.922065019607544
201 0.931706428527832
202 0.9396648406982422
203 0.9262740612030029
204 0.941927433013916
205 0.9048402309417725
206 1.0098729133605957
207 0.917851448059082
208 0.9217491149902344
209 0.9469897747039795
210 0.9850363731384277
211 1.0073847770690918
212 0.9804549217224121
213 0.991349458694458
214 0.9460813999176025
215 0.9129219055175781
216 0.9201056957244873
217 0.9251813888549805
218 1.0188171863555908
219 0.9262075424194336
220 0.9441432952880859
221 0.9453961849212646
222 0.9254734516143799
223 1.0128495693206787
224 0.8805296421051025
225 0.9517946243286133
226 0.9079830646514893
227 1.0002577304840088
