1 0.20741558074951172
2 0.18126273155212402
3 0.1928110122680664
4 0.1974637508392334
5 0.18908286094665527
6 0.173966646194458
7 0.19334650039672852
8 0.18108177185058594
9 0.18875908851623535
10 0.18748974800109863
11 0.1849825382232666
12 0.23293662071228027
13 0.19204187393188477
14 0.1808452606201172
15 0.1912531852722168
16 0.18836355209350586
17 0.18174147605895996
18 0.19441676139831543
19 0.181227445602417
20 0.18050336837768555
21 0.1811530590057373
22 0.17471814155578613
23 0.1863858699798584
24 0.1847975254058838
25 0.17573094367980957
26 0.1813960075378418
27 0.1773238182067871
28 0.17256951332092285
29 0.17639875411987305
30 0.18135786056518555
31 0.18093633651733398
32 0.17558503150939941
33 0.17405438423156738
34 0.1895155906677246
35 0.19504213333129883
36 0.17662835121154785
37 0.18115568161010742
38 0.1892848014831543
39 0.1801462173461914
40 0.17894434928894043
41 0.19730186462402344
42 0.17749595642089844
43 0.18194270133972168
44 0.1789560317993164
45 0.17630267143249512
46 0.19350242614746094
47 0.1854391098022461
48 0.17954373359680176
49 0.22884488105773926
50 0.17476797103881836
51 0.175262451171875
52 0.18153166770935059
53 0.18372511863708496
54 0.1813793182373047
55 0.1747732162475586
56 0.17403650283813477
57 0.17578339576721191
58 0.17788219451904297
59 0.17455577850341797
60 0.17570757865905762
61 0.1775679588317871
62 0.1748964786529541
63 0.17716693878173828
64 0.18094158172607422
65 0.17256736755371094
66 0.18064379692077637
67 0.1806790828704834
68 0.17721247673034668
69 0.186476469039917
70 0.1785717010498047
71 0.18069028854370117
72 0.22692418098449707
73 0.18819713592529297
74 0.17721104621887207
75 0.18082571029663086
76 0.17753219604492188
77 0.17741966247558594
78 0.1815650463104248
79 0.17842912673950195
80 0.17662501335144043
81 0.1744687557220459
82 0.22661948204040527
83 0.18692803382873535
84 0.18041014671325684
85 0.178236722946167
86 0.18192720413208008
87 0.17738914489746094
88 0.18022847175598145
89 0.17679238319396973
90 0.1778426170349121
91 0.17772483825683594
92 0.18764829635620117
93 0.1775517463684082
94 0.1780691146850586
95 0.18058323860168457
96 0.18215298652648926
97 0.1821143627166748
98 0.17958950996398926
99 0.1747596263885498
100 0.17879867553710938
101 0.17992591857910156
102 0.1812593936920166
103 0.18438982963562012
104 0.17990565299987793
105 0.1763923168182373
106 0.2086482048034668
107 0.18966293334960938
108 0.18868565559387207
109 0.18204498291015625
110 0.18074512481689453
111 0.1947317123413086
112 0.17452645301818848
113 0.1760697364807129
114 0.18294763565063477
115 0.18300724029541016
116 0.17572855949401855
117 0.17786455154418945
118 0.17625927925109863
119 0.18412566184997559
120 0.19409847259521484
121 0.17442584037780762
122 0.1899714469909668
123 0.17589473724365234
124 0.18871784210205078
125 0.18155884742736816
126 0.186476469039917
127 0.1898820400238037
128 0.1776134967803955
129 0.179579496383667
130 0.18288230895996094
131 0.21878337860107422
132 0.2233593463897705
133 0.19092464447021484
134 0.21511602401733398
135 0.1803748607635498
136 0.19099879264831543
137 0.17664289474487305
138 0.18355941772460938
139 0.214888334274292
140 0.17750096321105957
141 0.1785717010498047
142 0.17931437492370605
143 0.18299627304077148
144 0.1754622459411621
145 0.17516446113586426
146 0.17682600021362305
147 0.18740010261535645
148 0.1795501708984375
149 0.17801713943481445
150 0.1782817840576172
151 0.22893309593200684
152 0.18062615394592285
153 0.1834871768951416
154 0.17781829833984375
155 0.1851649284362793
156 0.18142366409301758
157 0.18306636810302734
158 0.18122243881225586
159 0.1817159652709961
160 0.1782996654510498
161 0.2209162712097168
162 0.18181824684143066
163 0.20303916931152344
164 0.18051791191101074
165 0.1782388687133789
166 0.21794700622558594
167 0.1793222427368164
168 0.21602559089660645
169 0.18045687675476074
170 0.17555928230285645
171 0.21986627578735352
172 0.20468401908874512
173 0.1753532886505127
174 0.18875885009765625
175 0.17597723007202148
176 0.1764521598815918
177 0.1806643009185791
178 0.17675161361694336
179 0.21339130401611328
180 0.18951916694641113
181 0.22097182273864746
182 0.17786026000976562
183 0.18235301971435547
184 0.17956304550170898
185 0.18950676918029785
186 0.17952251434326172
187 0.17587518692016602
188 0.1805100440979004
189 0.22220897674560547
190 0.2036285400390625
191 0.22334504127502441
192 0.22260499000549316
193 0.21917223930358887
194 0.17448735237121582
195 0.17379379272460938
196 0.18041586875915527
197 0.17871856689453125
198 0.1838221549987793
199 0.1799149513244629
200 0.18108057975769043
201 0.17717957496643066
202 0.18107104301452637
203 0.18214035034179688
204 0.1858062744140625
205 0.17772841453552246
206 0.1795821189880371
207 0.17775964736938477
208 0.17737627029418945
209 0.18315505981445312
210 0.18283748626708984
211 0.1785891056060791
212 0.17684364318847656
213 0.17371654510498047
214 0.18018460273742676
215 0.1760544776916504
216 0.17775774002075195
217 0.18325591087341309
218 0.1825714111328125
219 0.1793062686920166
220 0.18491172790527344
221 0.18259310722351074
222 0.19511866569519043
223 0.18025517463684082
224 0.18285489082336426
225 0.17463231086730957
226 0.22448039054870605
227 0.16109013557434082
228 0.13933634757995605
229 0.1422433853149414
