Final results with Doreisa 0.3.2:

- Preparation advance = 0:
    316910979049846608992018078305082735182 1 40 143.273686170578
    000258201324825405223176818857523086426 2 80 167.75479674339294
    009748946797699823813919077535911116635 4 160 182.20597386360168
    161974319038320984913274789120984838470 8 320 203.07135820388794
    261188437052124812457817194186484358446 16 640 227.24154949188232
    238968416416517782589981037677553567035 32 1280 290.55744647979736
    039214578892452207302842865388806125908 64 2560 426.7614543437958
    105489368878060572312342372601658813154 128 5120 740.7144904136658

- Preparation advance = 1:
    179978186906242337140451774591784596360 1 40 111.03088855743408
    313912614886712447711077886764039792475 2 80 133.55244517326355
    243865803111005832241125928683136999809 4 160 98.15911173820496
    240608947322624484110934857043305981256 8 320 108.64637732505798
    188046133572209303624766186388361329133 16 640 120.7501757144928
    052266359148842524328115306932232759298 32 1280 154.50950145721436
    033965400878775500252011307750301907897 64 2560 230.31348943710327
    066060573732862933316737903781481965397 128 5120 404.80636835098267

- Preparation advance = 2:
    024792054123308459239171551844425359406 1 40 71.82352781295776
    320987919563616789295669752918472640985 2 80 73.24533104896545
    037252334159899981416576777501507230527 4 160 76.66063189506531
    015214541887860072074169741879520969173 8 320 81.26147270202637
    321955475168827340056417850962729287273 16 640 94.63837623596191
    210875157999386954460161028257126945517 32 1280 127.50747084617615
    165191032405401138162817467341774971330 64 2560 163.56025099754333
    232099329272812825598209757791111853469 128 5120 282.74632573127747

- Preparation advance = 4:
    078057990871208760479186109060981827189 1 40 72.38644480705261
    200038678613182104069921776142898171243 2 80 74.73908066749573
    179633461554940400320217626734082879945 4 160 79.88613843917847
    031895067234140092370504499569360698589 8 320 78.23861479759216
    015355606708435035356999330009377520498 16 640 92.6764726638794
    142111749019748951059279236105490022881 32 1280 111.11377120018005
    147181608618157243449824357558018768374 64 2560 148.9083480834961
    332785134994393695245217429200196976587 128 5120 229.89765644073486

- Preparation advance = 8:
    191174075122057937858494345791191648283 1 40 75.13591885566711
    204410864989352008865573712998888949552 2 80 77.50453114509583
    018280192589769794724005374218899102932 4 160 78.40057969093323
    256711149481080920985810626734687673122 8 320 86.59335136413574
    011450336981292592640726796869582364666 16 640 95.01416683197021
    048573973144237743271548604598434508807 32 1280 112.60998487472534
    151691140205243257941407002803798274508 64 2560 148.00142645835876
    120968560501287724527446805017727143041 128 5120 219.2269241809845
