Random partitioning:
    313296750887706664408720562805266026857 1 40 139.71401929855347
    080602311969033902811007320102824643037 2 80 213.86755347251892
    057838159504653166687334690387369073645 4 160 353.8294267654419
    334799929199243091771049716110924132549 8 320 401.19176864624023
    248282689700537243210203651330204470426 16 640 552.5259923934937
    027294850643625022592211996220515664178 32 1280 797.037615776062
    202886001350019086252933246817627189115 64 2560 932.1616971492767
    086022579158171218836226806881189467661 128 5120 1221.465196609497

Greedy partitioning:
    063167195393923958745942897240980869860 1 40 142.64453530311584
    011726265707684209038025911029805807316 2 80 165.57361841201782
    330100525402780731878187523334257958073 4 160 177.8764009475708
    334584752698318246012225645107430622212 8 320 197.60260701179504
    031305447972151796043025868524595445871 16 640 218.06633114814758
    288213467472037168869541922648512985778 32 1280 267.5287115573883
    329696446660411657420869799806874653643 64 2560 386.14498257637024
